51
100008_1              0.0000000 0.0006799 0.0061913 0.0423221 0.0489337 0.0718343 0.0728969 0.0686809 0.0713313 0.0820684 0.0768614 0.0755047 0.0806417 0.0786434 0.0773788 0.0487375 0.0724147 0.0743766 0.0769480 0.0646973 0.0811500 0.0748177 0.0777005 0.0808099 0.0736458 0.0804707 0.0812445 0.0722605 0.0716756 0.0701846 0.0757208 0.0623573 0.0736791 0.0794113 0.0804586 0.0788518 0.0813054 0.1353262 0.1341880 0.0986248 0.0917056 0.1001361 0.0987677 0.0989942 0.1007894 0.0959487 0.1395663 0.1472216 0.1090991 0.0112770 0.1350618 
100008_2              0.0006799 0.0000000 0.0051755 0.0388324 0.0451558 0.0665964 0.0676272 0.0634291 0.0663792 0.0772218 0.0712590 0.0706115 0.0753874 0.0743330 0.0731428 0.0449028 0.0692335 0.0689707 0.0713598 0.0588610 0.0751569 0.0692189 0.0718446 0.0756252 0.0690141 0.0758959 0.0765753 0.0670107 0.0664110 0.0649822 0.0708811 0.0576716 0.0684118 0.0744380 0.0745087 0.0732006 0.0780083 0.1262101 0.1259371 0.0929901 0.0866746 0.0942488 0.0925356 0.0927518 0.0942995 0.0910077 0.1293907 0.1366263 0.1034965 0.0135124 0.1257030 
100008_3              0.0061913 0.0051755 0.0000000 0.0454777 0.0513862 0.0736453 0.0769759 0.0725313 0.0752758 0.0838393 0.0789244 0.0772423 0.0849700 0.0832205 0.0807205 0.0519986 0.0765480 0.0773252 0.0796536 0.0675147 0.0826965 0.0767960 0.0788790 0.0824172 0.0760615 0.0836601 0.0823797 0.0738778 0.0737729 0.0723047 0.0764448 0.0636531 0.0750397 0.0802835 0.0828072 0.0808830 0.0803908 0.1413996 0.1326223 0.1016594 0.0941519 0.1012957 0.0992816 0.0994954 0.1036659 0.0981153 0.1389812 0.1516298 0.1079760 0.0185972 0.1349408 
100137_1              0.0423221 0.0388324 0.0454777 0.0000000 0.0017952 0.0055141 0.0452552 0.0415126 0.0439777 0.0519998 0.0440377 0.0413203 0.0515367 0.0494015 0.0498741 0.0258041 0.0473641 0.0438739 0.0473905 0.0358436 0.0506162 0.0449085 0.0504336 0.0539523 0.0465457 0.0513777 0.0529760 0.0400297 0.0399173 0.0391415 0.0478117 0.0352957 0.0448065 0.0455370 0.0472165 0.0463554 0.0208580 0.0936103 0.0905414 0.0659051 0.0619991 0.0686599 0.0621691 0.0656083 0.0689505 0.0641638 0.0829264 0.1023356 0.0699084 0.0595678 0.0973545 
100137_2              0.0489337 0.0451558 0.0513862 0.0017952 0.0000000 0.0053449 0.0510192 0.0485275 0.0494566 0.0546103 0.0504188 0.0487389 0.0555410 0.0534321 0.0543166 0.0291572 0.0516777 0.0486685 0.0513880 0.0403457 0.0547478 0.0492210 0.0531916 0.0573078 0.0504044 0.0553135 0.0555261 0.0448186 0.0447655 0.0436637 0.0509969 0.0398031 0.0488347 0.0506866 0.0504213 0.0503431 0.0234867 0.0984006 0.0962726 0.0699770 0.0668121 0.0705600 0.0653996 0.0698829 0.0731874 0.0672887 0.0822455 0.0985906 0.0745764 0.0651357 0.0897969 
100137_3              0.0718343 0.0665964 0.0736453 0.0055141 0.0053449 0.0000000 0.0731198 0.0700344 0.0711086 0.0790556 0.0716234 0.0699035 0.0794425 0.0766735 0.0772480 0.0489309 0.0734098 0.0698627 0.0727208 0.0605635 0.0795191 0.0723457 0.0755721 0.0791946 0.0723501 0.0780037 0.0767276 0.0645911 0.0641725 0.0625520 0.0738627 0.0600090 0.0709856 0.0709166 0.0728425 0.0718497 0.0371855 0.1528210 0.1423500 0.0945496 0.0899215 0.0958486 0.0880175 0.0957968 0.0956339 0.0914920 0.1270917 0.1469604 0.0991608 0.0898581 0.1397331 
100177_1              0.0728969 0.0676272 0.0769759 0.0452552 0.0510192 0.0731198 0.0000000 0.0007925 0.0028450 0.0801523 0.0606563 0.0587355 0.0699842 0.0668389 0.0723019 0.0433596 0.0697246 0.0618438 0.0638832 0.0523970 0.0791676 0.0743674 0.0774043 0.0799691 0.0653670 0.0721440 0.0723841 0.0645604 0.0647042 0.0632142 0.0808233 0.0665293 0.0794057 0.0735852 0.0754165 0.0738244 0.0750490 0.0316838 0.1148427 0.0855688 0.0888617 0.0991163 0.0828655 0.0955447 0.0961370 0.0876745 0.1281207 0.1548765 0.1032418 0.0936710 0.1481304 
100177_2              0.0686809 0.0634291 0.0725313 0.0415126 0.0485275 0.0700344 0.0007925 0.0000000 0.0032070 0.0761340 0.0577655 0.0564448 0.0671175 0.0639685 0.0684725 0.0406257 0.0661750 0.0586456 0.0604932 0.0492343 0.0758168 0.0713120 0.0744844 0.0769738 0.0624576 0.0689092 0.0689644 0.0602271 0.0601009 0.0593252 0.0771389 0.0634647 0.0756141 0.0697510 0.0720034 0.0703864 0.0710837 0.0324308 0.1111128 0.0827573 0.0845568 0.0949338 0.0793471 0.0917177 0.0928032 0.0838200 0.1228460 0.1458520 0.0994602 0.0882158 0.1412261 
100177_3              0.0713313 0.0663792 0.0752758 0.0439777 0.0494566 0.0711086 0.0028450 0.0032070 0.0000000 0.0761734 0.0599130 0.0573685 0.0690294 0.0656895 0.0707024 0.0418566 0.0682300 0.0590375 0.0613827 0.0504938 0.0773876 0.0721327 0.0764088 0.0782115 0.0629814 0.0704154 0.0707313 0.0640075 0.0631032 0.0617639 0.0793008 0.0653638 0.0777407 0.0726940 0.0736245 0.0720024 0.0742890 0.0420533 0.1101852 0.0846666 0.0868764 0.0956028 0.0799716 0.0942017 0.0927670 0.0861327 0.1265102 0.1490267 0.1018682 0.0929429 0.1469042 
100200_1              0.0820684 0.0772218 0.0838393 0.0519998 0.0546103 0.0790556 0.0801523 0.0761340 0.0761734 0.0000000 0.0842820 0.0801178 0.0883671 0.0817452 0.0876685 0.0558802 0.0834597 0.0823561 0.0850858 0.0737423 0.0767473 0.0729568 0.0719069 0.0743378 0.0813496 0.0899210 0.0895789 0.0756618 0.0768371 0.0748160 0.0815676 0.0686947 0.0785269 0.0783471 0.0803599 0.0786985 0.0797159 0.1609215 0.1608004 0.1048169 0.1037704 0.0106704 0.1025380 0.0929536 0.1049572 0.1033520 0.1482496 0.1547976 0.1067358 0.0982943 0.1349256 
100200_2              0.0768614 0.0712590 0.0789244 0.0440377 0.0504188 0.0716234 0.0606563 0.0577655 0.0599130 0.0842820 0.0000000 0.0022743 0.0655960 0.0635880 0.0735978 0.0448587 0.0718540 0.0638913 0.0644182 0.0524057 0.0780883 0.0728824 0.0809867 0.0852724 0.0618362 0.0720005 0.0711287 0.0645050 0.0635416 0.0625773 0.0795504 0.0624809 0.0779670 0.0694889 0.0729289 0.0703067 0.0880948 0.1149268 0.0378170 0.0798986 0.0892210 0.1031459 0.0827072 0.0952240 0.0924697 0.0838634 0.1298804 0.1532914 0.0967214 0.0964670 0.1536551 
100200_3              0.0755047 0.0706115 0.0772423 0.0413203 0.0487389 0.0699035 0.0587355 0.0564448 0.0573685 0.0801178 0.0022743 0.0000000 0.0642486 0.0612367 0.0723702 0.0435926 0.0708328 0.0609485 0.0612961 0.0509141 0.0755828 0.0708812 0.0781601 0.0806294 0.0589247 0.0697166 0.0687736 0.0631333 0.0618125 0.0612315 0.0766293 0.0591017 0.0750713 0.0699855 0.0721570 0.0696391 0.0851372 0.1120832 0.0433291 0.0779929 0.0880921 0.0986207 0.0799365 0.0921954 0.0896639 0.0815029 0.1248862 0.1496075 0.0962363 0.0944130 0.1407274 
100206_1              0.0806417 0.0753874 0.0849700 0.0515367 0.0555410 0.0794425 0.0699842 0.0671175 0.0690294 0.0883671 0.0655960 0.0642486 0.0000000 0.0031621 0.0782120 0.0408027 0.0752447 0.0679659 0.0695676 0.0580243 0.0857488 0.0803315 0.0907220 0.0916373 0.0744458 0.0811375 0.0820026 0.0711620 0.0708911 0.0688739 0.0897199 0.0731200 0.0835396 0.0821108 0.0831673 0.0819746 0.0835712 0.1420442 0.1201179 0.0108728 0.0946040 0.1055641 0.0867512 0.1029247 0.1045012 0.0954816 0.1425539 0.1742706 0.1101936 0.1032445 0.1803041 
100206_3              0.0786434 0.0743330 0.0832205 0.0494015 0.0534321 0.0766735 0.0668389 0.0639685 0.0656895 0.0817452 0.0635880 0.0612367 0.0031621 0.0000000 0.0764545 0.0398147 0.0732648 0.0643578 0.0659436 0.0545686 0.0822110 0.0765780 0.0860614 0.0884584 0.0707645 0.0772601 0.0778198 0.0681306 0.0679689 0.0659058 0.0854130 0.0699229 0.0801062 0.0794462 0.0811794 0.0797243 0.0820939 0.1338517 0.1207420 0.0141425 0.0926581 0.0990684 0.0834262 0.0992018 0.1001523 0.0912924 0.1364431 0.1614793 0.1081056 0.1000471 0.1683497 
100217_1              0.0773788 0.0731428 0.0807205 0.0498741 0.0543166 0.0772480 0.0723019 0.0684725 0.0707024 0.0876685 0.0735978 0.0723702 0.0782120 0.0764545 0.0000000 0.0066818 0.0040650 0.0738609 0.0742923 0.0635814 0.0843340 0.0788990 0.0792184 0.0846288 0.0756004 0.0806913 0.0827492 0.0717594 0.0712176 0.0706344 0.0843532 0.0710039 0.0806411 0.0791211 0.0801143 0.0788776 0.0694586 0.1340140 0.1404460 0.0939651 0.0231867 0.1050602 0.0923208 0.1011753 0.1064613 0.0945920 0.1409686 0.1627288 0.1074787 0.0960134 0.1451391 
100217_2              0.0487375 0.0449028 0.0519986 0.0258041 0.0291572 0.0489309 0.0433596 0.0406257 0.0418566 0.0558802 0.0448587 0.0435926 0.0408027 0.0398147 0.0066818 0.0000000 0.0064748 0.0459461 0.0475097 0.0376249 0.0541931 0.0497566 0.0537035 0.0563229 0.0414329 0.0463505 0.0485166 0.0414246 0.0414856 0.0406736 0.0558433 0.0420075 0.0513706 0.0524033 0.0529008 0.0516828 0.0516890 0.1004138 0.0997766 0.0561463 0.0234932 0.0731598 0.0661677 0.0701106 0.0748423 0.0597995 0.0981871 0.1208613 0.0799741 0.0667294 0.1119469 
100217_3              0.0724147 0.0692335 0.0765480 0.0473641 0.0516777 0.0734098 0.0697246 0.0661750 0.0682300 0.0834597 0.0718540 0.0708328 0.0752447 0.0732648 0.0040650 0.0064748 0.0000000 0.0703007 0.0710210 0.0602088 0.0802789 0.0750146 0.0754651 0.0792147 0.0716001 0.0771922 0.0795208 0.0690659 0.0681767 0.0671418 0.0807041 0.0665991 0.0764196 0.0759120 0.0764368 0.0745993 0.0669962 0.1317078 0.1397483 0.0926304 0.0188419 0.1008599 0.0921433 0.0968056 0.1016587 0.0921173 0.1322361 0.1495217 0.1061402 0.0917754 0.1343113 
100248_1              0.0743766 0.0689707 0.0773252 0.0438739 0.0486685 0.0698627 0.0618438 0.0586456 0.0590375 0.0823561 0.0638913 0.0609485 0.0679659 0.0643578 0.0738609 0.0459461 0.0703007 0.0000000 0.0029527 0.0080568 0.0782398 0.0729579 0.0749677 0.0771310 0.0696321 0.0761107 0.0770649 0.0673281 0.0653606 0.0641799 0.0812785 0.0661495 0.0781561 0.0719190 0.0735582 0.0720468 0.0834090 0.1210699 0.1208749 0.0840204 0.0877794 0.1012202 0.0139942 0.0965218 0.0925848 0.0915326 0.1234311 0.1415609 0.1017374 0.0947154 0.1357938 
100248_2              0.0769480 0.0713598 0.0796536 0.0473905 0.0513880 0.0727208 0.0638832 0.0604932 0.0613827 0.0850858 0.0644182 0.0612961 0.0695676 0.0659436 0.0742923 0.0475097 0.0710210 0.0029527 0.0000000 0.0074485 0.0817128 0.0759631 0.0796837 0.0816707 0.0705045 0.0776774 0.0791541 0.0704608 0.0693201 0.0680634 0.0841441 0.0686859 0.0815823 0.0743794 0.0760424 0.0751193 0.0849034 0.1164321 0.1120617 0.0856158 0.0885463 0.1044773 0.0138207 0.0996096 0.0969960 0.0939985 0.1273726 0.1443615 0.1031929 0.0975252 0.1403269 
100248_3              0.0646973 0.0588610 0.0675147 0.0358436 0.0403457 0.0605635 0.0523970 0.0492343 0.0504938 0.0737423 0.0524057 0.0509141 0.0580243 0.0545686 0.0635814 0.0376249 0.0602088 0.0080568 0.0074485 0.0000000 0.0677414 0.0634928 0.0655456 0.0677757 0.0603414 0.0661528 0.0662833 0.0570483 0.0558793 0.0550430 0.0705574 0.0559799 0.0677219 0.0630001 0.0645329 0.0631404 0.0787706 0.1038353 0.1005991 0.0737426 0.0770690 0.0914391 0.0213060 0.0846278 0.0830014 0.0805648 0.1059345 0.1277168 0.0929194 0.0844986 0.1151308 
100255_1              0.0811500 0.0751569 0.0826965 0.0506162 0.0547478 0.0795191 0.0791676 0.0758168 0.0773876 0.0767473 0.0780883 0.0755828 0.0857488 0.0822110 0.0843340 0.0541931 0.0802789 0.0782398 0.0817128 0.0677414 0.0000000 0.0043383 0.0659986 0.0708317 0.0754293 0.0824054 0.0820134 0.0696017 0.0685477 0.0676852 0.0769702 0.0635911 0.0737971 0.0736068 0.0771628 0.0752636 0.0906148 0.1735955 0.1631605 0.1022780 0.0995488 0.0918359 0.0999764 0.0111669 0.0899513 0.0958728 0.1302099 0.1431032 0.1039408 0.1009435 0.0977932 
100255_3              0.0748177 0.0692189 0.0767960 0.0449085 0.0492210 0.0723457 0.0743674 0.0713120 0.0721327 0.0729568 0.0728824 0.0708812 0.0803315 0.0765780 0.0788990 0.0497566 0.0750146 0.0729579 0.0759631 0.0634928 0.0043383 0.0000000 0.0614384 0.0667863 0.0708596 0.0776248 0.0774004 0.0641768 0.0635958 0.0618113 0.0723163 0.0590543 0.0693473 0.0680193 0.0711127 0.0687658 0.0842840 0.1635221 0.1603757 0.0961612 0.0938180 0.0881760 0.0931579 0.0150236 0.0857823 0.0918036 0.1270214 0.1411347 0.0975046 0.0943075 0.0944777 
100256_1              0.0777005 0.0718446 0.0788790 0.0504336 0.0531916 0.0755721 0.0774043 0.0744844 0.0764088 0.0719069 0.0809867 0.0781601 0.0907220 0.0860614 0.0792184 0.0537035 0.0754651 0.0749677 0.0796837 0.0655456 0.0659986 0.0614384 0.0000000 0.0117447 0.0819188 0.0891497 0.0897326 0.0732887 0.0713654 0.0703866 0.0792672 0.0663325 0.0762805 0.0738461 0.0773349 0.0747065 0.0898242 0.1549704 0.1520919 0.1068767 0.0953134 0.0857342 0.0994602 0.0798931 0.0861769 0.1047015 0.1341803 0.1336712 0.1054727 0.0976634 0.0244986 
100256_3              0.0808099 0.0756252 0.0824172 0.0539523 0.0573078 0.0791946 0.0799691 0.0769738 0.0782115 0.0743378 0.0852724 0.0806294 0.0916373 0.0884584 0.0846288 0.0563229 0.0792147 0.0771310 0.0816707 0.0677757 0.0708317 0.0667863 0.0117447 0.0000000 0.0822752 0.0896655 0.0902390 0.0770362 0.0759855 0.0729841 0.0826044 0.0694413 0.0791134 0.0770248 0.0797175 0.0768973 0.0943975 0.1533547 0.1482813 0.1095336 0.0992645 0.0895196 0.1021419 0.0852088 0.0783693 0.1053480 0.1365956 0.1565484 0.1051642 0.1008418 0.0748282 
100257_1              0.0736458 0.0690141 0.0760615 0.0465457 0.0504044 0.0723501 0.0653670 0.0624576 0.0629814 0.0813496 0.0618362 0.0589247 0.0744458 0.0707645 0.0756004 0.0414329 0.0716001 0.0696321 0.0705045 0.0603414 0.0754293 0.0708596 0.0819188 0.0822752 0.0000000 0.0027220 0.0084298 0.0613167 0.0619964 0.0596426 0.0727917 0.0581033 0.0698672 0.0725015 0.0741463 0.0717711 0.0770269 0.1297503 0.1132179 0.0896786 0.0889692 0.0986658 0.0902568 0.0939674 0.0962535 0.0120518 0.1271917 0.1316645 0.1029368 0.0931201 0.1569747 
100257_2              0.0804707 0.0758959 0.0836601 0.0513777 0.0553135 0.0780037 0.0721440 0.0689092 0.0704154 0.0899210 0.0720005 0.0697166 0.0811375 0.0772601 0.0806913 0.0463505 0.0771922 0.0761107 0.0776774 0.0661528 0.0824054 0.0776248 0.0891497 0.0896655 0.0027220 0.0000000 0.0060375 0.0683316 0.0682523 0.0665441 0.0793680 0.0647464 0.0761915 0.0791611 0.0808911 0.0788924 0.0823813 0.1444368 0.1325126 0.0967378 0.0950033 0.1071972 0.0974813 0.1013129 0.1049787 0.0100788 0.1391895 0.1378534 0.1103065 0.1008581 0.1663426 
100257_3              0.0812445 0.0765753 0.0823797 0.0529760 0.0555261 0.0767276 0.0723841 0.0689644 0.0707313 0.0895789 0.0711287 0.0687736 0.0820026 0.0778198 0.0827492 0.0485166 0.0795208 0.0770649 0.0791541 0.0662833 0.0820134 0.0774004 0.0897326 0.0902390 0.0084298 0.0060375 0.0000000 0.0678682 0.0681323 0.0665094 0.0794950 0.0664709 0.0763854 0.0795199 0.0821493 0.0798580 0.0821388 0.1425975 0.1407389 0.0953885 0.0944971 0.1067050 0.0962764 0.1012599 0.1042369 0.0135647 0.1298132 0.1462456 0.1088815 0.1002551 0.1751143 
100261_1              0.0722605 0.0670107 0.0738778 0.0400297 0.0448186 0.0645911 0.0645604 0.0602271 0.0640075 0.0756618 0.0645050 0.0631333 0.0711620 0.0681306 0.0717594 0.0414246 0.0690659 0.0673281 0.0704608 0.0570483 0.0696017 0.0641768 0.0732887 0.0770362 0.0613167 0.0683316 0.0678682 0.0000000 0.0012483 0.0027506 0.0737919 0.0606415 0.0659605 0.0615212 0.0683462 0.0667183 0.0773768 0.1378652 0.1423116 0.0870828 0.0871548 0.0932325 0.0872041 0.0855166 0.0892853 0.0808836 0.0302378 0.1387167 0.0937450 0.0872464 0.1373379 
100261_2              0.0716756 0.0664110 0.0737729 0.0399173 0.0447655 0.0641725 0.0647042 0.0601009 0.0631032 0.0768371 0.0635416 0.0618125 0.0708911 0.0679689 0.0712176 0.0414856 0.0681767 0.0653606 0.0693201 0.0558793 0.0685477 0.0635958 0.0713654 0.0759855 0.0619964 0.0682523 0.0681323 0.0012483 0.0000000 0.0021770 0.0742833 0.0606817 0.0667359 0.0613462 0.0681683 0.0659759 0.0786485 0.1399362 0.1389728 0.0871170 0.0865199 0.0939815 0.0868635 0.0838062 0.0886206 0.0814992 0.0293997 0.1386614 0.0930636 0.0877663 0.1299868 
100261_3              0.0701846 0.0649822 0.0723047 0.0391415 0.0436637 0.0625520 0.0632142 0.0593252 0.0617639 0.0748160 0.0625773 0.0612315 0.0688739 0.0659058 0.0706344 0.0406736 0.0671418 0.0641799 0.0680634 0.0550430 0.0676852 0.0618113 0.0703866 0.0729841 0.0596426 0.0665441 0.0665094 0.0027506 0.0021770 0.0000000 0.0716617 0.0590356 0.0661418 0.0619139 0.0673505 0.0648695 0.0780263 0.1284815 0.1343449 0.0860560 0.0854051 0.0919309 0.0848115 0.0831784 0.0888862 0.0799171 0.0321021 0.1312319 0.0929773 0.0869237 0.1241201 
100306_1              0.0757208 0.0708811 0.0764448 0.0478117 0.0509969 0.0738627 0.0808233 0.0771389 0.0793008 0.0815676 0.0795504 0.0766293 0.0897199 0.0854130 0.0843532 0.0558433 0.0807041 0.0812785 0.0841441 0.0705574 0.0769702 0.0723163 0.0792672 0.0826044 0.0727917 0.0793680 0.0794950 0.0737919 0.0742833 0.0716617 0.0000000 0.0033464 0.0069344 0.0780064 0.0794024 0.0778842 0.0666328 0.1501995 0.1494009 0.1062512 0.0972189 0.0982681 0.1032830 0.0938868 0.1070800 0.0926686 0.1387236 0.0214150 0.1064108 0.0944914 0.1398920 
100306_2              0.0623573 0.0576716 0.0636531 0.0352957 0.0398031 0.0600090 0.0665293 0.0634647 0.0653638 0.0686947 0.0624809 0.0591017 0.0731200 0.0699229 0.0710039 0.0420075 0.0665991 0.0661495 0.0686859 0.0559799 0.0635911 0.0590543 0.0663325 0.0694413 0.0581033 0.0647464 0.0664709 0.0606415 0.0606817 0.0590356 0.0033464 0.0000000 0.0048787 0.0656879 0.0664404 0.0649722 0.0660702 0.1121149 0.1048515 0.0890979 0.0839853 0.0858002 0.0886752 0.0801914 0.0907396 0.0782394 0.1083865 0.0311404 0.0930609 0.0812555 0.1093092 
100306_3              0.0736791 0.0684118 0.0750397 0.0448065 0.0488347 0.0709856 0.0794057 0.0756141 0.0777407 0.0785269 0.0779670 0.0750713 0.0835396 0.0801062 0.0806411 0.0513706 0.0764196 0.0781561 0.0815823 0.0677219 0.0737971 0.0693473 0.0762805 0.0791134 0.0698672 0.0761915 0.0763854 0.0659605 0.0667359 0.0661418 0.0069344 0.0048787 0.0000000 0.0749348 0.0763275 0.0745784 0.0725929 0.1504295 0.1513972 0.0993213 0.0942405 0.0955847 0.1008807 0.0903802 0.1030036 0.0889065 0.1184650 0.0386532 0.1032030 0.0923051 0.1335728 
100337_1              0.0794113 0.0744380 0.0802835 0.0455370 0.0506866 0.0709166 0.0735852 0.0697510 0.0726940 0.0783471 0.0694889 0.0699855 0.0821108 0.0794462 0.0791211 0.0524033 0.0759120 0.0719190 0.0743794 0.0630001 0.0736068 0.0680193 0.0738461 0.0770248 0.0725015 0.0791611 0.0795199 0.0615212 0.0613462 0.0619139 0.0780064 0.0656879 0.0749348 0.0000000 0.0066716 0.0061219 0.0800629 0.1494879 0.1418260 0.0988071 0.0936223 0.0956714 0.0933930 0.0907952 0.0985212 0.0934932 0.1221391 0.1400236 0.0211134 0.0997723 0.1482781 
100337_2              0.0804586 0.0745087 0.0828072 0.0472165 0.0504213 0.0728425 0.0754165 0.0720034 0.0736245 0.0803599 0.0729289 0.0721570 0.0831673 0.0811794 0.0801143 0.0529008 0.0764368 0.0735582 0.0760424 0.0645329 0.0771628 0.0711127 0.0773349 0.0797175 0.0741463 0.0808911 0.0821493 0.0683462 0.0681683 0.0673505 0.0794024 0.0664404 0.0763275 0.0066716 0.0000000 0.0030691 0.0749070 0.1500910 0.1376306 0.1004229 0.0946013 0.0982786 0.0939743 0.0935097 0.1024057 0.0962091 0.1340337 0.1436674 0.0258894 0.1006163 0.1573693 
100337_3              0.0788518 0.0732006 0.0808830 0.0463554 0.0503431 0.0718497 0.0738244 0.0703864 0.0720024 0.0786985 0.0703067 0.0696391 0.0819746 0.0797243 0.0788776 0.0516828 0.0745993 0.0720468 0.0751193 0.0631404 0.0752636 0.0687658 0.0747065 0.0768973 0.0717711 0.0788924 0.0798580 0.0667183 0.0659759 0.0648695 0.0778842 0.0649722 0.0745784 0.0061219 0.0030691 0.0000000 0.0814979 0.1390690 0.1381635 0.0994177 0.0934418 0.0966597 0.0942041 0.0919192 0.1008603 0.0945439 0.1238164 0.1324299 0.0231156 0.0990396 0.1446534 
CAP137                0.0813054 0.0780083 0.0803908 0.0208580 0.0234867 0.0371855 0.0750490 0.0710837 0.0742890 0.0797159 0.0880948 0.0851372 0.0835712 0.0820939 0.0694586 0.0516890 0.0669962 0.0834090 0.0849034 0.0787706 0.0906148 0.0842840 0.0898242 0.0943975 0.0770269 0.0823813 0.0821388 0.0773768 0.0786485 0.0780263 0.0666328 0.0660702 0.0725929 0.0800629 0.0749070 0.0814979 0.0000000 0.0000010 0.0000010 0.0937218 0.0777373 0.0906896 0.0960166 0.0982510 0.1064918 0.0877203 0.0000010 0.0000010 0.0981307 0.0975186 0.0000010 
CAP177                0.1353262 0.1262101 0.1413996 0.0936103 0.0984006 0.1528210 0.0316838 0.0324308 0.0420533 0.1609215 0.1149268 0.1120832 0.1420442 0.1338517 0.1340140 0.1004138 0.1317078 0.1210699 0.1164321 0.1038353 0.1735955 0.1635221 0.1549704 0.1533547 0.1297503 0.1444368 0.1425975 0.1378652 0.1399362 0.1284815 0.1501995 0.1121149 0.1504295 0.1494879 0.1500910 0.1390690 0.0000010 0.0000000 0.1475098 0.1703775 0.1540451 0.1830993 0.1450567 0.2041990 0.1829910 0.1670853 0.1631002 0.1930616 0.1844206 0.1585573 0.1987080 
CAP200                0.1341880 0.1259371 0.1326223 0.0905414 0.0962726 0.1423500 0.1148427 0.1111128 0.1101852 0.1608004 0.0378170 0.0433291 0.1201179 0.1207420 0.1404460 0.0997766 0.1397483 0.1208749 0.1120617 0.1005991 0.1631605 0.1603757 0.1520919 0.1482813 0.1132179 0.1325126 0.1407389 0.1423116 0.1389728 0.1343449 0.1494009 0.1048515 0.1513972 0.1418260 0.1376306 0.1381635 0.0000010 0.1475098 0.0000000 0.1492779 0.1582370 0.1817878 0.1497861 0.1980447 0.1788899 0.1538643 0.1846116 0.1868150 0.1863452 0.1617075 0.1907579 
CAP206                0.0986248 0.0929901 0.1016594 0.0659051 0.0699770 0.0945496 0.0855688 0.0827573 0.0846666 0.1048169 0.0798986 0.0779929 0.0108728 0.0141425 0.0939651 0.0561463 0.0926304 0.0840204 0.0856158 0.0737426 0.1022780 0.0961612 0.1068767 0.1095336 0.0896786 0.0967378 0.0953885 0.0870828 0.0871170 0.0860560 0.1062512 0.0890979 0.0993213 0.0988071 0.1004229 0.0994177 0.0937218 0.1703775 0.1492779 0.0000000 0.1077312 0.1180322 0.0969525 0.1152980 0.1166170 0.1035359 0.1859614 0.2149788 0.1215577 0.1154216 0.2254747 
CAP217                0.0917056 0.0866746 0.0941519 0.0619991 0.0668121 0.0899215 0.0888617 0.0845568 0.0868764 0.1037704 0.0892210 0.0880921 0.0946040 0.0926581 0.0231867 0.0234932 0.0188419 0.0877794 0.0885463 0.0770690 0.0995488 0.0938180 0.0953134 0.0992645 0.0889692 0.0950033 0.0944971 0.0871548 0.0865199 0.0854051 0.0972189 0.0839853 0.0942405 0.0936223 0.0946013 0.0934418 0.0777373 0.1540451 0.1582370 0.1077312 0.0000000 0.1178077 0.1027048 0.1121126 0.1159009 0.1026020 0.1661667 0.1748288 0.1189265 0.1069047 0.1594534 
CAP239                0.1001361 0.0942488 0.1012957 0.0686599 0.0705600 0.0958486 0.0991163 0.0949338 0.0956028 0.0106704 0.1031459 0.0986207 0.1055641 0.0990684 0.1050602 0.0731598 0.1008599 0.1012202 0.1044773 0.0914391 0.0918359 0.0881760 0.0857342 0.0895196 0.0986658 0.1071972 0.1067050 0.0932325 0.0939815 0.0919309 0.0982681 0.0858002 0.0955847 0.0956714 0.0982786 0.0966597 0.0906896 0.1830993 0.1817878 0.1180322 0.1178077 0.0000000 0.1176554 0.1013086 0.1137462 0.1150204 0.1759588 0.1674656 0.1209606 0.1117199 0.1386770 
CAP248                0.0987677 0.0925356 0.0992816 0.0621691 0.0653996 0.0880175 0.0828655 0.0793471 0.0799716 0.1025380 0.0827072 0.0799365 0.0867512 0.0834262 0.0923208 0.0661677 0.0921433 0.0139942 0.0138207 0.0213060 0.0999764 0.0931579 0.0994602 0.1021419 0.0902568 0.0974813 0.0962764 0.0872041 0.0868635 0.0848115 0.1032830 0.0886752 0.1008807 0.0933930 0.0939743 0.0942041 0.0960166 0.1450567 0.1497861 0.0969525 0.1027048 0.1176554 0.0000000 0.1135556 0.1113472 0.1073097 0.1604018 0.1889546 0.1154470 0.1137044 0.1832421 
CAP255                0.0989942 0.0927518 0.0994954 0.0656083 0.0698829 0.0957968 0.0955447 0.0917177 0.0942017 0.0929536 0.0952240 0.0921954 0.1029247 0.0992018 0.1011753 0.0701106 0.0968056 0.0965218 0.0996096 0.0846278 0.0111669 0.0150236 0.0798931 0.0852088 0.0939674 0.1013129 0.1012599 0.0855166 0.0838062 0.0831784 0.0938868 0.0801914 0.0903802 0.0907952 0.0935097 0.0919192 0.0982510 0.2041990 0.1980447 0.1152980 0.1121126 0.1013086 0.1135556 0.0000000 0.1001389 0.1099371 0.1692938 0.1754835 0.1146383 0.1142213 0.1090789 
CAP256                0.1007894 0.0942995 0.1036659 0.0689505 0.0731874 0.0956339 0.0961370 0.0928032 0.0927670 0.1049572 0.0924697 0.0896639 0.1045012 0.1001523 0.1064613 0.0748423 0.1016587 0.0925848 0.0969960 0.0830014 0.0899513 0.0857823 0.0861769 0.0783693 0.0962535 0.1049787 0.1042369 0.0892853 0.0886206 0.0888862 0.1070800 0.0907396 0.1030036 0.0985212 0.1024057 0.1008603 0.1064918 0.1829910 0.1788899 0.1166170 0.1159009 0.1137462 0.1113472 0.1001389 0.0000000 0.1118691 0.1672054 0.1918033 0.1236349 0.1162281 0.1510058 
CAP257                0.0959487 0.0910077 0.0981153 0.0641638 0.0672887 0.0914920 0.0876745 0.0838200 0.0861327 0.1033520 0.0838634 0.0815029 0.0954816 0.0912924 0.0945920 0.0597995 0.0921173 0.0915326 0.0939985 0.0805648 0.0958728 0.0918036 0.1047015 0.1053480 0.0120518 0.0100788 0.0135647 0.0808836 0.0814992 0.0799171 0.0926686 0.0782394 0.0889065 0.0934932 0.0962091 0.0945439 0.0877203 0.1670853 0.1538643 0.1035359 0.1026020 0.1150204 0.1073097 0.1099371 0.1118691 0.0000000 0.1638928 0.1690056 0.1179826 0.1083045 0.2024612 
CAP261                0.1395663 0.1293907 0.1389812 0.0829264 0.0822455 0.1270917 0.1281207 0.1228460 0.1265102 0.1482496 0.1298804 0.1248862 0.1425539 0.1364431 0.1409686 0.0981871 0.1322361 0.1234311 0.1273726 0.1059345 0.1302099 0.1270214 0.1341803 0.1365956 0.1271917 0.1391895 0.1298132 0.0302378 0.0293997 0.0321021 0.1387236 0.1083865 0.1184650 0.1221391 0.1340337 0.1238164 0.0000010 0.1631002 0.1846116 0.1859614 0.1661667 0.1759588 0.1604018 0.1692938 0.1672054 0.1638928 0.0000000 0.1809422 0.1882012 0.1676117 0.1716071 
CAP306                0.1472216 0.1366263 0.1516298 0.1023356 0.0985906 0.1469604 0.1548765 0.1458520 0.1490267 0.1547976 0.1532914 0.1496075 0.1742706 0.1614793 0.1627288 0.1208613 0.1495217 0.1415609 0.1443615 0.1277168 0.1431032 0.1411347 0.1336712 0.1565484 0.1316645 0.1378534 0.1462456 0.1387167 0.1386614 0.1312319 0.0214150 0.0311404 0.0386532 0.1400236 0.1436674 0.1324299 0.0000010 0.1930616 0.1868150 0.2149788 0.1748288 0.1674656 0.1889546 0.1754835 0.1918033 0.1690056 0.1809422 0.0000000 0.1950174 0.1762432 0.1577627 
CAP337                0.1090991 0.1034965 0.1079760 0.0699084 0.0745764 0.0991608 0.1032418 0.0994602 0.1018682 0.1067358 0.0967214 0.0962363 0.1101936 0.1081056 0.1074787 0.0799741 0.1061402 0.1017374 0.1031929 0.0929194 0.1039408 0.0975046 0.1054727 0.1051642 0.1029368 0.1103065 0.1088815 0.0937450 0.0930636 0.0929773 0.1064108 0.0930609 0.1032030 0.0211134 0.0258894 0.0231156 0.0981307 0.1844206 0.1863452 0.1215577 0.1189265 0.1209606 0.1154470 0.1146383 0.1236349 0.1179826 0.1882012 0.1950174 0.0000000 0.1245734 0.2242484 
CAP8                  0.0112770 0.0135124 0.0185972 0.0595678 0.0651357 0.0898581 0.0936710 0.0882158 0.0929429 0.0982943 0.0964670 0.0944130 0.1032445 0.1000471 0.0960134 0.0667294 0.0917754 0.0947154 0.0975252 0.0844986 0.1009435 0.0943075 0.0976634 0.1008418 0.0931201 0.1008581 0.1002551 0.0872464 0.0877663 0.0869237 0.0944914 0.0812555 0.0923051 0.0997723 0.1006163 0.0990396 0.0975186 0.1585573 0.1617075 0.1154216 0.1069047 0.1117199 0.1137044 0.1142213 0.1162281 0.1083045 0.1676117 0.1762432 0.1245734 0.0000000 0.1634616 
CAP256_superinfecting 0.1350618 0.1257030 0.1349408 0.0973545 0.0897969 0.1397331 0.1481304 0.1412261 0.1469042 0.1349256 0.1536551 0.1407274 0.1803041 0.1683497 0.1451391 0.1119469 0.1343113 0.1357938 0.1403269 0.1151308 0.0977932 0.0944777 0.0244986 0.0748282 0.1569747 0.1663426 0.1751143 0.1373379 0.1299868 0.1241201 0.1398920 0.1093092 0.1335728 0.1482781 0.1573693 0.1446534 0.0000010 0.1987080 0.1907579 0.2254747 0.1594534 0.1386770 0.1832421 0.1090789 0.1510058 0.2024612 0.1716071 0.1577627 0.2242484 0.1634616 0.0000000 
