55
100008_1   0.0000000 0.0006800 0.0061835 0.0420132 0.0485429 0.0709994 0.0720049 0.0678817 0.0704780 0.0809592 0.0759038 0.0747505 0.0793816 0.0369227 0.0774655 0.0763045 0.0482115 0.0715872 0.0734804 0.0759933 0.0640108 0.0799604 0.0451118 0.0738172 0.0766567 0.0507388 0.0796728 0.0727657 0.0793945 0.0801302 0.0710836 0.0705053 0.0693708 0.0517792 0.0651224 0.0433575 0.0747535 0.0616786 0.0727626 0.0783631 0.0792196 0.0777984 0.0800904 0.1357591 0.1317353 0.0968437 0.0905338 0.0971777 0.0971167 0.0988011 0.0944136 0.1377332 0.8255971 0.1071933 0.0112538 
100008_2   0.0006800 0.0000000 0.0051697 0.0385750 0.0448264 0.0658805 0.0668537 0.0627428 0.0656340 0.0762462 0.0704183 0.0699508 0.0742763 0.0328777 0.0732563 0.0721578 0.0444383 0.0684685 0.0681995 0.0705371 0.0582915 0.0741252 0.0400011 0.0683537 0.0709328 0.0462013 0.0746194 0.0682373 0.0749357 0.0755864 0.0661104 0.0655175 0.0642718 0.0468177 0.0600085 0.0389145 0.0700355 0.0570833 0.0676134 0.0734823 0.0734013 0.0722667 0.0768717 0.1266140 0.1238698 0.0914006 0.0856266 0.0911306 0.0910969 0.0925227 0.0896280 0.1280089 0.8145903 0.1017414 0.0134790 
100008_3   0.0061835 0.0051697 0.0000000 0.0451208 0.0509465 0.0727520 0.0759704 0.0716321 0.0743109 0.0826619 0.0777576 0.0764395 0.0835773 0.0403588 0.0819023 0.0795406 0.0514072 0.0755989 0.0763380 0.0786158 0.0667552 0.0814552 0.0477962 0.0757350 0.0777803 0.0535448 0.0811976 0.0751004 0.0824736 0.0812136 0.0726379 0.0725253 0.0714139 0.0540898 0.0667566 0.0458884 0.0754603 0.0629423 0.0740755 0.0791773 0.0814872 0.0797555 0.0791803 0.1411400 0.1307440 0.0997853 0.0928965 0.0976449 0.0975981 0.1013833 0.0964932 0.1358841 0.8382449 0.1060449 0.0185399 
100137_1   0.0420132 0.0385750 0.0451208 0.0000000 0.0017944 0.0055091 0.0449025 0.0412130 0.0436473 0.0515217 0.0437160 0.0411847 0.0509128 0.0169772 0.0488158 0.0493490 0.0255602 0.0470014 0.0435458 0.0470045 0.0356186 0.0501186 0.0170437 0.0445078 0.0499797 0.0253047 0.0534322 0.0461746 0.0509167 0.0524877 0.0395918 0.0394795 0.0388626 0.0204692 0.0342492 0.0179210 0.0473969 0.0350657 0.0444413 0.0451454 0.0466473 0.0459353 0.0207648 0.0947099 0.0873931 0.0649975 0.0615484 0.0615162 0.0648422 0.0678136 0.0634528 0.0830178 0.7429623 0.0690781 0.0589878 
100137_2   0.0485429 0.0448264 0.0509465 0.0017944 0.0000000 0.0053400 0.0505989 0.0481502 0.0490557 0.0541104 0.0500232 0.0485133 0.0548631 0.0215630 0.0527928 0.0537472 0.0288963 0.0512733 0.0482809 0.0509521 0.0400715 0.0542197 0.0209816 0.0487892 0.0527177 0.0289189 0.0567493 0.0499952 0.0548029 0.0550227 0.0443369 0.0442805 0.0433459 0.0253286 0.0402032 0.0225212 0.0505528 0.0395271 0.0484261 0.0502468 0.0498428 0.0498959 0.0233771 0.1000510 0.0943168 0.0689936 0.0662816 0.0647110 0.0690735 0.0719829 0.0665513 0.0823915 0.7558039 0.0736889 0.0644704 
100137_3   0.0709994 0.0658805 0.0727520 0.0055091 0.0053400 0.0000000 0.0722672 0.0692392 0.0703019 0.0780120 0.0708118 0.0692809 0.0782038 0.0401964 0.0755154 0.0761874 0.0484011 0.0725615 0.0690526 0.0718593 0.0599402 0.0784090 0.0373429 0.0714349 0.0746283 0.0472135 0.0781430 0.0714846 0.0769934 0.0757345 0.0638903 0.0634718 0.0618937 0.0432581 0.0565578 0.0387101 0.0729607 0.0594063 0.0701451 0.0700421 0.0717759 0.0709574 0.0369412 0.1535980 0.1392304 0.0928803 0.0888121 0.0867348 0.0942833 0.0936308 0.0901112 0.1197605 0.8267825 0.0975361 0.0885610 
100177_1   0.0720049 0.0668537 0.0759704 0.0449025 0.0505989 0.0722672 0.0000000 0.0007923 0.0028435 0.0790653 0.0599272 0.0581946 0.0690560 0.0290092 0.0659869 0.0713536 0.0427867 0.0689644 0.0612323 0.0630959 0.0519615 0.0780577 0.0399898 0.0733879 0.0764004 0.0448611 0.0789155 0.0645514 0.0711576 0.0713845 0.0636003 0.0637346 0.0625750 0.0470472 0.0614176 0.0392330 0.0797300 0.0657810 0.0781912 0.0726454 0.0742768 0.0728680 0.0742152 0.0347398 0.1127840 0.0842395 0.0877985 0.0816266 0.0940112 0.0941721 0.0862711 0.1268984 0.8440281 0.1014774 0.0922264 
100177_2   0.0678817 0.0627428 0.0716321 0.0412130 0.0481502 0.0692392 0.0007923 0.0000000 0.0032044 0.0751550 0.0570908 0.0559419 0.0662510 0.0266420 0.0631787 0.0676013 0.0400876 0.0654832 0.0580897 0.0597596 0.0488454 0.0748062 0.0373304 0.0704201 0.0735533 0.0425229 0.0760047 0.0616938 0.0679859 0.0680335 0.0595048 0.0593706 0.0587555 0.0443781 0.0574396 0.0356828 0.0761653 0.0627825 0.0745047 0.0689157 0.0709537 0.0695183 0.0703273 0.0346264 0.1091437 0.0815074 0.0835948 0.0781982 0.0903234 0.0909227 0.0825083 0.1217654 0.8254139 0.0978423 0.0869242 
100177_3   0.0704780 0.0656340 0.0743109 0.0436473 0.0490557 0.0703019 0.0028435 0.0032044 0.0000000 0.0751743 0.0593389 0.0569938 0.0681256 0.0285285 0.0648664 0.0697861 0.0414440 0.0674993 0.0584770 0.0607837 0.0500880 0.0763515 0.0378865 0.0712301 0.0754173 0.0433123 0.0772004 0.0623538 0.0696202 0.0699177 0.0632064 0.0623177 0.0611524 0.0456243 0.0589349 0.0367969 0.0782828 0.0646564 0.0767574 0.0717893 0.0725421 0.0711031 0.0734619 0.0431658 0.1088958 0.0833785 0.0858588 0.0789481 0.0927523 0.0910568 0.0849327 0.1253278 0.8348264 0.1001995 0.0915266 
100200_1   0.0809592 0.0762462 0.0826619 0.0515217 0.0541104 0.0780120 0.0790653 0.0751550 0.0751743 0.0000000 0.0833124 0.0794067 0.0869173 0.0470738 0.0804789 0.0864413 0.0553701 0.0824844 0.0812236 0.0838840 0.0728448 0.0757225 0.0495448 0.0720183 0.0710404 0.0578921 0.0733981 0.0802797 0.0885844 0.0882559 0.0743820 0.0755143 0.0738848 0.0575395 0.0687940 0.0471114 0.0804709 0.0679276 0.0775114 0.0772868 0.0790915 0.0776061 0.0787101 0.1589991 0.1570768 0.1028640 0.1022239 0.1007565 0.0915366 0.1028653 0.1016094 0.1461072 0.8664628 0.1048046 0.0967292 
100200_2   0.0759038 0.0704183 0.0777576 0.0437160 0.0500232 0.0708118 0.0599272 0.0570908 0.0593389 0.0833124 0.0000000 0.0025008 0.0648884 0.0382261 0.0630835 0.0727706 0.0445419 0.0710590 0.0635792 0.0640952 0.0521243 0.0767464 0.0423297 0.0716726 0.0802145 0.0462274 0.0837642 0.0612464 0.0711912 0.0703153 0.0638133 0.0628597 0.0619160 0.0451057 0.0543935 0.0373371 0.0782511 0.0615621 0.0767059 0.0685640 0.0716244 0.0692012 0.0868129 0.1135772 0.0388338 0.0790217 0.0880291 0.0815342 0.0934408 0.0911131 0.0827650 0.1286439 0.8320851 0.0952769 0.0949948 
100200_3   0.0747505 0.0699508 0.0764395 0.0411847 0.0485133 0.0692809 0.0581946 0.0559419 0.0569938 0.0794067 0.0025008 0.0000000 0.0636032 0.0371714 0.0606651 0.0718544 0.0435706 0.0703445 0.0608389 0.0612045 0.0508164 0.0749521 0.0412490 0.0703523 0.0774722 0.0454303 0.0799015 0.0589830 0.0695625 0.0686302 0.0626313 0.0613319 0.0607686 0.0443141 0.0519552 0.0357127 0.0760327 0.0588577 0.0745089 0.0696718 0.0715032 0.0691637 0.0839784 0.1095910 0.0458415 0.0773854 0.0879113 0.0788037 0.0909282 0.0881885 0.0807847 0.1250659 0.8388475 0.0955131 0.0932031 
100206_1   0.0793816 0.0742763 0.0835773 0.0509128 0.0548631 0.0782038 0.0690560 0.0662510 0.0681256 0.0869173 0.0648884 0.0636032 0.0000000 0.0267533 0.0031597 0.0772435 0.0405186 0.0744817 0.0670943 0.0686781 0.0573466 0.0842644 0.0321537 0.0790013 0.0891852 0.0400365 0.0900581 0.0733741 0.0798611 0.0806900 0.0700098 0.0697345 0.0679239 0.0522046 0.0641188 0.0448028 0.0882281 0.0720937 0.0822286 0.0808130 0.0816792 0.0806560 0.0814932 0.1421287 0.1191248 0.0108500 0.0934557 0.0854179 0.1009349 0.1022253 0.0937736 0.1407800 0.8960105 0.1080670 0.1013355 
100206_2   0.0369227 0.0328777 0.0403588 0.0169772 0.0215630 0.0401964 0.0290092 0.0266420 0.0285285 0.0470738 0.0382261 0.0371714 0.0267533 0.0000000 0.0258234 0.0423320 0.0187795 0.0394085 0.0356800 0.0392665 0.0277547 0.0438585 0.0123450 0.0390396 0.0342540 0.0185924 0.0374797 0.0408754 0.0465428 0.0475118 0.0358547 0.0354692 0.0356557 0.0200784 0.0335976 0.0135022 0.0461312 0.0339821 0.0429114 0.0405251 0.0427139 0.0408104 0.0444674 0.0944404 0.0987847 0.0412314 0.0557641 0.0570152 0.0586439 0.0591420 0.0597783 0.0922021 0.7299790 0.0671284 0.0549609 
100206_3   0.0774655 0.0732563 0.0819023 0.0488158 0.0527928 0.0755154 0.0659869 0.0631787 0.0648664 0.0804789 0.0630835 0.0606651 0.0031597 0.0258234 0.0000000 0.0756885 0.0396888 0.0727099 0.0635529 0.0651234 0.0539657 0.0808414 0.0296415 0.0753553 0.0846622 0.0379099 0.0869852 0.0697856 0.0760893 0.0766420 0.0670516 0.0668906 0.0650341 0.0497303 0.0605075 0.0420049 0.0840706 0.0689887 0.0789110 0.0782259 0.0797562 0.0784846 0.0800495 0.1332615 0.1190143 0.0141049 0.0914036 0.0821581 0.0973546 0.0980253 0.0897190 0.1349393 0.8729323 0.1060842 0.0982774 
100217_1   0.0763045 0.0721578 0.0795406 0.0493490 0.0537472 0.0761874 0.0713536 0.0676013 0.0697861 0.0864413 0.0727706 0.0718544 0.0772435 0.0423320 0.0756885 0.0000000 0.0066761 0.0040623 0.0731922 0.0736361 0.0629892 0.0829740 0.0449125 0.0776935 0.0784270 0.0451985 0.0833832 0.0748787 0.0798347 0.0818379 0.0707801 0.0702418 0.0696839 0.0537498 0.0658662 0.0450633 0.0831058 0.0700722 0.0794880 0.0781062 0.0787783 0.0776985 0.0686385 0.1329447 0.1375657 0.0927579 0.0231131 0.0905937 0.0993913 0.1046186 0.0933580 0.1393830 0.8547730 0.1058593 0.0944361 
100217_2   0.0482115 0.0444383 0.0514072 0.0255602 0.0288963 0.0484011 0.0427867 0.0400876 0.0414440 0.0553701 0.0445419 0.0435706 0.0405186 0.0187795 0.0396888 0.0066761 0.0000000 0.0064684 0.0457631 0.0473117 0.0374074 0.0535470 0.0210209 0.0491867 0.0533985 0.0200219 0.0556716 0.0413031 0.0461384 0.0482654 0.0409996 0.0410549 0.0402626 0.0266875 0.0380178 0.0198043 0.0551866 0.0415755 0.0507970 0.0519407 0.0521392 0.0510712 0.0512496 0.0999949 0.0988046 0.0557637 0.0234134 0.0650292 0.0691819 0.0736893 0.0593671 0.0978396 0.7456822 0.0791138 0.0658694 
100217_3   0.0715872 0.0684685 0.0755989 0.0470014 0.0512733 0.0725615 0.0689644 0.0654832 0.0674993 0.0824844 0.0710590 0.0703445 0.0744817 0.0394085 0.0727099 0.0040623 0.0064684 0.0000000 0.0698483 0.0705740 0.0598089 0.0791701 0.0413539 0.0740479 0.0748978 0.0427408 0.0782451 0.0710993 0.0765508 0.0788196 0.0682818 0.0674059 0.0664008 0.0508572 0.0630023 0.0419564 0.0796702 0.0658965 0.0755002 0.0751141 0.0753322 0.0736578 0.0662273 0.1343929 0.1372282 0.0915869 0.0187868 0.0903835 0.0953033 0.1000842 0.0910780 0.1308143 0.8345906 0.1046952 0.0904501 
100248_1   0.0734804 0.0681995 0.0763380 0.0435458 0.0482809 0.0690526 0.0612323 0.0580897 0.0584770 0.0812236 0.0635792 0.0608389 0.0670943 0.0356800 0.0635529 0.0731922 0.0457631 0.0698483 0.0000000 0.0029505 0.0080450 0.0771778 0.0368507 0.0720274 0.0740611 0.0460893 0.0761647 0.0688763 0.0751899 0.0761132 0.0664358 0.0645020 0.0634990 0.0462467 0.0545501 0.0349042 0.0802118 0.0654305 0.0771709 0.0710712 0.0725188 0.0711777 0.0821081 0.1211973 0.1192725 0.0827605 0.0867517 0.0139565 0.0950058 0.0908039 0.0902033 0.1222841 0.8320263 0.1001169 0.0932848 
100248_2   0.0759933 0.0705371 0.0786158 0.0470045 0.0509521 0.0718593 0.0630959 0.0597596 0.0607837 0.0838840 0.0640952 0.0612045 0.0686781 0.0392665 0.0651234 0.0736361 0.0473117 0.0705740 0.0029505 0.0000000 0.0074379 0.0805757 0.0396551 0.0749816 0.0786675 0.0476185 0.0805921 0.0697349 0.0767372 0.0781688 0.0693646 0.0682374 0.0673196 0.0496631 0.0559538 0.0384475 0.0830358 0.0679388 0.0805436 0.0734895 0.0749625 0.0741980 0.0835839 0.1149465 0.1113984 0.0843333 0.0875268 0.0137870 0.0979940 0.0953734 0.0926004 0.1261582 0.8402288 0.1015685 0.0960252 
100248_3   0.0640108 0.0582915 0.0667552 0.0356186 0.0400715 0.0599402 0.0519615 0.0488454 0.0500880 0.0728448 0.0521243 0.0508164 0.0573466 0.0277547 0.0539657 0.0629892 0.0374074 0.0598089 0.0080450 0.0074379 0.0000000 0.0669257 0.0294584 0.0627772 0.0648371 0.0366945 0.0670109 0.0597690 0.0654476 0.0655629 0.0563915 0.0552381 0.0545676 0.0379243 0.0464903 0.0280482 0.0697871 0.0554808 0.0670068 0.0623389 0.0636830 0.0624550 0.0776019 0.1035744 0.0996422 0.0727190 0.0763158 0.0212230 0.0834387 0.0816255 0.0795191 0.1053631 0.7862222 0.0915570 0.0833540 
100255_1   0.0799604 0.0741252 0.0814552 0.0501186 0.0542197 0.0784090 0.0780577 0.0748062 0.0763515 0.0757225 0.0767464 0.0749521 0.0842644 0.0438585 0.0808414 0.0829740 0.0535470 0.0791701 0.0771778 0.0805757 0.0669257 0.0000000 0.0426629 0.0043353 0.0652281 0.0537859 0.0699538 0.0744802 0.0812335 0.0808556 0.0685705 0.0675284 0.0668569 0.0498113 0.0643924 0.0439627 0.0759299 0.0628734 0.0728301 0.0726573 0.0759765 0.0742667 0.0889221 0.1718265 0.1590978 0.1002415 0.0980353 0.0982730 0.0111509 0.0883118 0.0943208 0.1285663 0.8323024 0.1021141 0.0991616 
100255_2   0.0451118 0.0400011 0.0477962 0.0170437 0.0209816 0.0373429 0.0399898 0.0373304 0.0378865 0.0495448 0.0423297 0.0412490 0.0321537 0.0123450 0.0296415 0.0449125 0.0210209 0.0413539 0.0368507 0.0396551 0.0294584 0.0426629 0.0000000 0.0376042 0.0335763 0.0208813 0.0380094 0.0434839 0.0500029 0.0506322 0.0368339 0.0370060 0.0367966 0.0202405 0.0345550 0.0159179 0.0485625 0.0353536 0.0446171 0.0442213 0.0462687 0.0447615 0.0446209 0.1106114 0.0965194 0.0467412 0.0575667 0.0574419 0.0579134 0.0672794 0.0634177 0.0945240 0.7389607 0.0723600 0.0640351 
100255_3   0.0738172 0.0683537 0.0757350 0.0445078 0.0487892 0.0714349 0.0733879 0.0704201 0.0712301 0.0720183 0.0716726 0.0703523 0.0790013 0.0390396 0.0753553 0.0776935 0.0491867 0.0740479 0.0720274 0.0749816 0.0627772 0.0043353 0.0376042 0.0000000 0.0607841 0.0492604 0.0660179 0.0700366 0.0766028 0.0763862 0.0632671 0.0626871 0.0611066 0.0452430 0.0599093 0.0391531 0.0713956 0.0584251 0.0684888 0.0672152 0.0701007 0.0679442 0.0828328 0.1646601 0.1565426 0.0943367 0.0924996 0.0916609 0.0149954 0.0842746 0.0903920 0.1254567 0.8126014 0.0959077 0.0927729 
100256_1   0.0766567 0.0709328 0.0777803 0.0499797 0.0527177 0.0746283 0.0764004 0.0735533 0.0754173 0.0710404 0.0802145 0.0774722 0.0891852 0.0342540 0.0846622 0.0784270 0.0533985 0.0748978 0.0740611 0.0786675 0.0648371 0.0652281 0.0335763 0.0607841 0.0000000 0.0568721 0.0117206 0.0807862 0.0878124 0.0883766 0.0720379 0.0701571 0.0695239 0.0542153 0.0684828 0.0488923 0.0782107 0.0655851 0.0753189 0.0729186 0.0763057 0.0737403 0.0886151 0.1526497 0.1487036 0.1048051 0.0940742 0.0978514 0.0788444 0.0845259 0.1028866 0.1325421 0.8296792 0.1036422 0.0960431 
100256_2   0.0507388 0.0462013 0.0535448 0.0253047 0.0289189 0.0472135 0.0448611 0.0425229 0.0433123 0.0578921 0.0462274 0.0454303 0.0400365 0.0185924 0.0379099 0.0451985 0.0200219 0.0427408 0.0460893 0.0476185 0.0366945 0.0537859 0.0208813 0.0492604 0.0568721 0.0000000 0.0572611 0.0411236 0.0473416 0.0492127 0.0436377 0.0437017 0.0425340 0.0246868 0.0394821 0.0208881 0.0550926 0.0418332 0.0508311 0.0413733 0.0422209 0.0417321 0.0492604 0.1161434 0.0981458 0.0545985 0.0609485 0.0663761 0.0698201 0.0741647 0.0613477 0.1044115 0.7665347 0.0703785 0.0693226 
100256_3   0.0796728 0.0746194 0.0811976 0.0534322 0.0567493 0.0781430 0.0789155 0.0760047 0.0772004 0.0733981 0.0837642 0.0799015 0.0900581 0.0374797 0.0869852 0.0833832 0.0556716 0.0782451 0.0761647 0.0805921 0.0670109 0.0699538 0.0380094 0.0660179 0.0117206 0.0572611 0.0000000 0.0811305 0.0883157 0.0888648 0.0756851 0.0746623 0.0720600 0.0567141 0.0726581 0.0510106 0.0814749 0.0686347 0.0780765 0.0760176 0.0786357 0.0758811 0.0930810 0.1529279 0.1454198 0.1073677 0.0978844 0.1004336 0.0840203 0.0769023 0.1034908 0.1348945 0.8760384 0.1033021 0.0991297 
100257_1   0.0727657 0.0682373 0.0751004 0.0461746 0.0499952 0.0714846 0.0645514 0.0616938 0.0623538 0.0802797 0.0612464 0.0589830 0.0733741 0.0408754 0.0697856 0.0748787 0.0413031 0.0710993 0.0688763 0.0697349 0.0597690 0.0744802 0.0434839 0.0700366 0.0807862 0.0411236 0.0811305 0.0000000 0.0027198 0.0084160 0.0607092 0.0613786 0.0590744 0.0455461 0.0620993 0.0418969 0.0719468 0.0575500 0.0690850 0.0716280 0.0730822 0.0708884 0.0760942 0.1290855 0.1112765 0.0882086 0.0878718 0.0889821 0.0925838 0.0944732 0.0120250 0.1247211 0.8032564 0.1012367 0.0917332 
100257_2   0.0793945 0.0749357 0.0824736 0.0509167 0.0548029 0.0769934 0.0711576 0.0679859 0.0696202 0.0885844 0.0711912 0.0695625 0.0798611 0.0465428 0.0760893 0.0798347 0.0461384 0.0765508 0.0751899 0.0767372 0.0654476 0.0812335 0.0500029 0.0766028 0.0878124 0.0473416 0.0883157 0.0027198 0.0000000 0.0060298 0.0672572 0.0671881 0.0658230 0.0518136 0.0695789 0.0485205 0.0783244 0.0640347 0.0752389 0.0780827 0.0796079 0.0777927 0.0812796 0.1438028 0.1306795 0.0950219 0.0937240 0.0959775 0.0996218 0.1028874 0.0100581 0.1373867 0.8285455 0.1083102 0.0992005 
100257_3   0.0801302 0.0755864 0.0812136 0.0524877 0.0550227 0.0757345 0.0713845 0.0680335 0.0699177 0.0882559 0.0703153 0.0686302 0.0806900 0.0475118 0.0766420 0.0818379 0.0482654 0.0788196 0.0761132 0.0781688 0.0655629 0.0808556 0.0506322 0.0763862 0.0883766 0.0492127 0.0888648 0.0084160 0.0060298 0.0000000 0.0670971 0.0673630 0.0657794 0.0519558 0.0706518 0.0495025 0.0784807 0.0657407 0.0754422 0.0784024 0.0808092 0.0787224 0.0809967 0.1419119 0.1379774 0.0937027 0.0932366 0.0948141 0.0996028 0.1021682 0.0135302 0.1284115 0.8435945 0.1069170 0.0986133 
100261_1   0.0710836 0.0661104 0.0726379 0.0395918 0.0443369 0.0638903 0.0636003 0.0595048 0.0632064 0.0743820 0.0638133 0.0626313 0.0700098 0.0358547 0.0670516 0.0707801 0.0409996 0.0682818 0.0664358 0.0693646 0.0563915 0.0685705 0.0368339 0.0632671 0.0720379 0.0436377 0.0756851 0.0607092 0.0672572 0.0670971 0.0000000 0.0012480 0.0025185 0.0163904 0.0542305 0.0259390 0.0727249 0.0597223 0.0649312 0.0605891 0.0671061 0.0656521 0.0763146 0.1371831 0.1392060 0.0855064 0.0860796 0.0858111 0.0841184 0.0878099 0.0798166 0.0310032 0.8368771 0.0921586 0.0858502 
100261_2   0.0705053 0.0655175 0.0725253 0.0394795 0.0442805 0.0634718 0.0637346 0.0593706 0.0623177 0.0755143 0.0628597 0.0613319 0.0697345 0.0354692 0.0668906 0.0702418 0.0410549 0.0674059 0.0645020 0.0682374 0.0552381 0.0675284 0.0370060 0.0626871 0.0701571 0.0437017 0.0746623 0.0613786 0.0671881 0.0673630 0.0012480 0.0000000 0.0019456 0.0155540 0.0529913 0.0253452 0.0731840 0.0597484 0.0656776 0.0604059 0.0669209 0.0649142 0.0775721 0.1391571 0.1362944 0.0855288 0.0854630 0.0854784 0.0824447 0.0868530 0.0804216 0.0301601 0.8278815 0.0914760 0.0863423 
100261_3   0.0693708 0.0642718 0.0714139 0.0388626 0.0433459 0.0618937 0.0625750 0.0587555 0.0611524 0.0738848 0.0619160 0.0607686 0.0679239 0.0356557 0.0650341 0.0696839 0.0402626 0.0664008 0.0634990 0.0673196 0.0545676 0.0668569 0.0367966 0.0611066 0.0695239 0.0425340 0.0720600 0.0590744 0.0658230 0.0657794 0.0025185 0.0019456 0.0000000 0.0160356 0.0531826 0.0254371 0.0708132 0.0584595 0.0654260 0.0612912 0.0664615 0.0641644 0.0769482 0.1300371 0.1319012 0.0846539 0.0843762 0.0836529 0.0820220 0.0871173 0.0788832 0.0328698 0.8148686 0.0915818 0.0856934 
100267_1   0.0517792 0.0468177 0.0540898 0.0204692 0.0253286 0.0432581 0.0470472 0.0443781 0.0456243 0.0575395 0.0451057 0.0443141 0.0522046 0.0200784 0.0497303 0.0537498 0.0266875 0.0508572 0.0462467 0.0496631 0.0379243 0.0498113 0.0202405 0.0452430 0.0542153 0.0246868 0.0567141 0.0455461 0.0518136 0.0519558 0.0163904 0.0155540 0.0160356 0.0000000 0.0341294 0.0136637 0.0513312 0.0389588 0.0472347 0.0345560 0.0362705 0.0350651 0.0454347 0.1161224 0.1080837 0.0675952 0.0689513 0.0677430 0.0654966 0.0705574 0.0659529 0.0671477 0.7428120 0.0629788 0.0699782 
100267_2   0.0651224 0.0600085 0.0667566 0.0342492 0.0402032 0.0565578 0.0614176 0.0574396 0.0589349 0.0687940 0.0543935 0.0519552 0.0641188 0.0335976 0.0605075 0.0658662 0.0380178 0.0630023 0.0545501 0.0559538 0.0464903 0.0643924 0.0345550 0.0599093 0.0684828 0.0394821 0.0726581 0.0620993 0.0695789 0.0706518 0.0542305 0.0529913 0.0531826 0.0341294 0.0000000 0.0034648 0.0661107 0.0532068 0.0631116 0.0626619 0.0645214 0.0630956 0.0718275 0.1333309 0.1146525 0.0796063 0.0787293 0.0728528 0.0797168 0.0831909 0.0830612 0.1138985 0.7795098 0.0897637 0.0834838 
100267_3   0.0433575 0.0389145 0.0458884 0.0179210 0.0225212 0.0387101 0.0392330 0.0356828 0.0367969 0.0471114 0.0373371 0.0357127 0.0448028 0.0135022 0.0420049 0.0450633 0.0198043 0.0419564 0.0349042 0.0384475 0.0280482 0.0439627 0.0159179 0.0391531 0.0488923 0.0208881 0.0510106 0.0418969 0.0485205 0.0495025 0.0259390 0.0253452 0.0254371 0.0136637 0.0034648 0.0000000 0.0453571 0.0330768 0.0422574 0.0400107 0.0425455 0.0408639 0.0483042 0.1018629 0.0966493 0.0602466 0.0579844 0.0543713 0.0590842 0.0640604 0.0614353 0.0676730 0.7381176 0.0664111 0.0606282 
100306_1   0.0747535 0.0700355 0.0754603 0.0473969 0.0505528 0.0729607 0.0797300 0.0761653 0.0782828 0.0804709 0.0782511 0.0760327 0.0882281 0.0461312 0.0840706 0.0831058 0.0551866 0.0796702 0.0802118 0.0830358 0.0697871 0.0759299 0.0485625 0.0713956 0.0782107 0.0550926 0.0814749 0.0719468 0.0783244 0.0784807 0.0727249 0.0731840 0.0708132 0.0513312 0.0661107 0.0453571 0.0000000 0.0033440 0.0069248 0.0770016 0.0782098 0.0768627 0.0659890 0.1504763 0.1458763 0.1042377 0.0959123 0.1016222 0.0924401 0.1048585 0.0912710 0.1369801 0.5981168 0.1046177 0.0930247 
100306_2   0.0616786 0.0570833 0.0629423 0.0350657 0.0395271 0.0594063 0.0657810 0.0627825 0.0646564 0.0679276 0.0615621 0.0588577 0.0720937 0.0339821 0.0689887 0.0700722 0.0415755 0.0658965 0.0654305 0.0679388 0.0554808 0.0628734 0.0353536 0.0584251 0.0655851 0.0418332 0.0686347 0.0575500 0.0640347 0.0657407 0.0597223 0.0597484 0.0584595 0.0389588 0.0532068 0.0330768 0.0033440 0.0000000 0.0048740 0.0649698 0.0655573 0.0642496 0.0654239 0.1130402 0.1035181 0.0876555 0.0832002 0.0874049 0.0791345 0.0891200 0.0772098 0.1076676 0.6315628 0.0916592 0.0801341 
100306_3   0.0727626 0.0676134 0.0740755 0.0444413 0.0484261 0.0701451 0.0781912 0.0745047 0.0767574 0.0775114 0.0767059 0.0745089 0.0822286 0.0429114 0.0789110 0.0794880 0.0507970 0.0755002 0.0771709 0.0805436 0.0670068 0.0728301 0.0446171 0.0684888 0.0753189 0.0508311 0.0780765 0.0690850 0.0752389 0.0754422 0.0649312 0.0656776 0.0654260 0.0472347 0.0631116 0.0422574 0.0069248 0.0048740 0.0000000 0.0739949 0.0752021 0.0736354 0.0717893 0.1486770 0.1482234 0.0975490 0.0930049 0.0992681 0.0890296 0.1011315 0.0876183 0.1173989 0.6375858 0.1014785 0.0908952 
100337_1   0.0783631 0.0734823 0.0791773 0.0451454 0.0502468 0.0700421 0.0726454 0.0689157 0.0717893 0.0772868 0.0685640 0.0696718 0.0808130 0.0405251 0.0782259 0.0781062 0.0519407 0.0751141 0.0710712 0.0734895 0.0623389 0.0726573 0.0442213 0.0672152 0.0729186 0.0413733 0.0760176 0.0716280 0.0780827 0.0784024 0.0605891 0.0604059 0.0612912 0.0345560 0.0626619 0.0400107 0.0770016 0.0649698 0.0739949 0.0000000 0.0066634 0.0061127 0.0789328 0.1486162 0.1390172 0.0970105 0.0923458 0.0919915 0.0894594 0.0966045 0.0920003 0.1210360 0.8165363 0.0210355 0.0981422 
100337_2   0.0792196 0.0734013 0.0814872 0.0466473 0.0498428 0.0717759 0.0742768 0.0709537 0.0725421 0.0790915 0.0716244 0.0715032 0.0816792 0.0427139 0.0797562 0.0787783 0.0521392 0.0753322 0.0725188 0.0749625 0.0636830 0.0759765 0.0462687 0.0701007 0.0763057 0.0422209 0.0786357 0.0730822 0.0796079 0.0808092 0.0671061 0.0669209 0.0664615 0.0362705 0.0645214 0.0425455 0.0782098 0.0655573 0.0752021 0.0066634 0.0000000 0.0030682 0.0738450 0.1488308 0.1362412 0.0983988 0.0931619 0.0923873 0.0919384 0.1003349 0.0944753 0.1325284 0.8204943 0.0257821 0.0988028 
100337_3   0.0777984 0.0722667 0.0797555 0.0459353 0.0498959 0.0709574 0.0728680 0.0695183 0.0711031 0.0776061 0.0692012 0.0691637 0.0806560 0.0408104 0.0784846 0.0776985 0.0510712 0.0736578 0.0711777 0.0741980 0.0624550 0.0742667 0.0447615 0.0679442 0.0737403 0.0417321 0.0758811 0.0708884 0.0777927 0.0787224 0.0656521 0.0649142 0.0641644 0.0350651 0.0630956 0.0408639 0.0768627 0.0642496 0.0736354 0.0061127 0.0030682 0.0000000 0.0802839 0.1383640 0.1355307 0.0975683 0.0921603 0.0927571 0.0905379 0.0988379 0.0929932 0.1227404 0.8031907 0.0230221 0.0974365 
CAP137     0.0800904 0.0768717 0.0791803 0.0207648 0.0233771 0.0369412 0.0742152 0.0703273 0.0734619 0.0787101 0.0868129 0.0839784 0.0814932 0.0444674 0.0800495 0.0686385 0.0512496 0.0662273 0.0821081 0.0835839 0.0776019 0.0889221 0.0446209 0.0828328 0.0886151 0.0492604 0.0930810 0.0760942 0.0812796 0.0809967 0.0763146 0.0775721 0.0769482 0.0454347 0.0718275 0.0483042 0.0659890 0.0654239 0.0717893 0.0789328 0.0738450 0.0802839 0.0000000 0.0000010 0.0000010 0.0913909 0.0767246 0.0943674 0.0963319 0.1048317 0.0864979 0.0000010 5.7692318 0.0965504 0.0958529 
CAP177     0.1357591 0.1266140 0.1411400 0.0947099 0.1000510 0.1535980 0.0347398 0.0346264 0.0431658 0.1589991 0.1135772 0.1095910 0.1421287 0.0944404 0.1332615 0.1329447 0.0999949 0.1343929 0.1211973 0.1149465 0.1035744 0.1718265 0.1106114 0.1646601 0.1526497 0.1161434 0.1529279 0.1290855 0.1438028 0.1419119 0.1371831 0.1391571 0.1300371 0.1161224 0.1333309 0.1018629 0.1504763 0.1130402 0.1486770 0.1486162 0.1488308 0.1383640 0.0000010 0.0000000 0.1435850 0.1628277 0.1475315 0.1431853 0.1977484 0.1797157 0.1602319 0.1637521 0.1873289 0.1804979 0.1588746 
CAP200     0.1317353 0.1238698 0.1307440 0.0873931 0.0943168 0.1392304 0.1127840 0.1091437 0.1088958 0.1570768 0.0388338 0.0458415 0.1191248 0.0987847 0.1190143 0.1375657 0.0988046 0.1372282 0.1192725 0.1113984 0.0996422 0.1590978 0.0965194 0.1565426 0.1487036 0.0981458 0.1454198 0.1112765 0.1306795 0.1379774 0.1392060 0.1362944 0.1319012 0.1080837 0.1146525 0.0966493 0.1458763 0.1035181 0.1482234 0.1390172 0.1362412 0.1355307 0.0000010 0.1435850 0.0000000 0.1430085 0.1524058 0.1478829 0.1858780 0.1719369 0.1523014 0.1813629 0.1853983 0.1760596 0.1640465 
CAP206     0.0968437 0.0914006 0.0997853 0.0649975 0.0689936 0.0928803 0.0842395 0.0815074 0.0833785 0.1028640 0.0790217 0.0773854 0.0108500 0.0412314 0.0141049 0.0927579 0.0557637 0.0915869 0.0827605 0.0843333 0.0727190 0.1002415 0.0467412 0.0943367 0.1048051 0.0545985 0.1073677 0.0882086 0.0950219 0.0937027 0.0855064 0.0855288 0.0846539 0.0675952 0.0796063 0.0602466 0.1042377 0.0876555 0.0975490 0.0970105 0.0983988 0.0975683 0.0913909 0.1628277 0.1430085 0.0000000 0.1058608 0.0953301 0.1128619 0.1136848 0.1017558 0.1800980 0.9942980 0.1190166 0.1131051 
CAP217     0.0905338 0.0856266 0.0928965 0.0615484 0.0662816 0.0888121 0.0877985 0.0835948 0.0858588 0.1022239 0.0880291 0.0879113 0.0934557 0.0557641 0.0914036 0.0231131 0.0234134 0.0187868 0.0867517 0.0875268 0.0763158 0.0980353 0.0575667 0.0924996 0.0940742 0.0609485 0.0978844 0.0878718 0.0937240 0.0932366 0.0860796 0.0854630 0.0843762 0.0689513 0.0787293 0.0579844 0.0959123 0.0832002 0.0930049 0.0923458 0.0931619 0.0921603 0.0767246 0.1475315 0.1524058 0.1058608 0.0000000 0.1002904 0.1099627 0.1141376 0.1007230 0.1633466 0.8876489 0.1168225 0.1052954 
CAP248     0.0971777 0.0911306 0.0976449 0.0615162 0.0647110 0.0867348 0.0816266 0.0781982 0.0789481 0.1007565 0.0815342 0.0788037 0.0854179 0.0570152 0.0821581 0.0905937 0.0650292 0.0903835 0.0139565 0.0137870 0.0212230 0.0982730 0.0574419 0.0916609 0.0978514 0.0663761 0.1004336 0.0889821 0.0959775 0.0948141 0.0858111 0.0854784 0.0836529 0.0677430 0.0728528 0.0543713 0.1016222 0.0874049 0.0992681 0.0919915 0.0923873 0.0927571 0.0943674 0.1431853 0.1478829 0.0953301 0.1002904 0.0000000 0.1115777 0.1085008 0.1054835 0.1569105 0.9512065 0.1133528 0.1116721 
CAP255     0.0971167 0.0910969 0.0975981 0.0648422 0.0690735 0.0942833 0.0940112 0.0903234 0.0927523 0.0915366 0.0934408 0.0909282 0.1009349 0.0586439 0.0973546 0.0993913 0.0691819 0.0953033 0.0950058 0.0979940 0.0834387 0.0111509 0.0579134 0.0149954 0.0788444 0.0698201 0.0840203 0.0925838 0.0996218 0.0996028 0.0841184 0.0824447 0.0820220 0.0654966 0.0797168 0.0590842 0.0924401 0.0791345 0.0890296 0.0894594 0.0919384 0.0905379 0.0963319 0.1977484 0.1858780 0.1128619 0.1099627 0.1115777 0.0000000 0.0977268 0.1079877 0.1649851 0.9001515 0.1124520 0.1120171 
CAP256     0.0988011 0.0925227 0.1013833 0.0678136 0.0719829 0.0936308 0.0941721 0.0909227 0.0910568 0.1028653 0.0911131 0.0881885 0.1022253 0.0591420 0.0980253 0.1046186 0.0736893 0.1000842 0.0908039 0.0953734 0.0816255 0.0883118 0.0672794 0.0842746 0.0845259 0.0741647 0.0769023 0.0944732 0.1028874 0.1021682 0.0878099 0.0868530 0.0871173 0.0705574 0.0831909 0.0640604 0.1048585 0.0891200 0.1011315 0.0966045 0.1003349 0.0988379 0.1048317 0.1797157 0.1719369 0.1136848 0.1141376 0.1085008 0.0977268 0.0000000 0.1099718 0.1607029 0.9401820 0.1210065 0.1133846 
CAP257     0.0944136 0.0896280 0.0964932 0.0634528 0.0665513 0.0901112 0.0862711 0.0825083 0.0849327 0.1016094 0.0827650 0.0807847 0.0937736 0.0597783 0.0897190 0.0933580 0.0593671 0.0910780 0.0902033 0.0926004 0.0795191 0.0943208 0.0634177 0.0903920 0.1028866 0.0613477 0.1034908 0.0120250 0.0100581 0.0135302 0.0798166 0.0804216 0.0788832 0.0659529 0.0830612 0.0614353 0.0912710 0.0772098 0.0876183 0.0920003 0.0944753 0.0929932 0.0864979 0.1602319 0.1523014 0.1017558 0.1007230 0.1054835 0.1079877 0.1099718 0.0000000 0.1601165 0.9033232 0.1154048 0.1062022 
CAP261     0.1377332 0.1280089 0.1358841 0.0830178 0.0823915 0.1197605 0.1268984 0.1217654 0.1253278 0.1461072 0.1286439 0.1250659 0.1407800 0.0922021 0.1349393 0.1393830 0.0978396 0.1308143 0.1222841 0.1261582 0.1053631 0.1285663 0.0945240 0.1254567 0.1325421 0.1044115 0.1348945 0.1247211 0.1373867 0.1284115 0.0310032 0.0301601 0.0328698 0.0671477 0.1138985 0.0676730 0.1369801 0.1076676 0.1173989 0.1210360 0.1325284 0.1227404 0.0000010 0.1637521 0.1813629 0.1800980 0.1633466 0.1569105 0.1649851 0.1607029 0.1601165 0.0000000 0.1813437 0.1803356 0.1611373 
CAP267     0.8255971 0.8145903 0.8382449 0.7429623 0.7558039 0.8267825 0.8440281 0.8254139 0.8348264 0.8664628 0.8320851 0.8388475 0.8960105 0.7299790 0.8729323 0.8547730 0.7456822 0.8345906 0.8320263 0.8402288 0.7862222 0.8323024 0.7389607 0.8126014 0.8296792 0.7665347 0.8760384 0.8032564 0.8285455 0.8435945 0.8368771 0.8278815 0.8148686 0.7428120 0.7795098 0.7381176 0.5981168 0.6315628 0.6375858 0.8165363 0.8204943 0.8031907 5.7692318 0.1873289 0.1853983 0.9942980 0.8876489 0.9512065 0.9001515 0.9401820 0.9033232 0.1813437 0.0000000 0.9486167 0.9075984 
CAP337     0.1071933 0.1017414 0.1060449 0.0690781 0.0736889 0.0975361 0.1014774 0.0978423 0.1001995 0.1048046 0.0952769 0.0955131 0.1080670 0.0671284 0.1060842 0.1058593 0.0791138 0.1046952 0.1001169 0.1015685 0.0915570 0.1021141 0.0723600 0.0959077 0.1036422 0.0703785 0.1033021 0.1012367 0.1083102 0.1069170 0.0921586 0.0914760 0.0915818 0.0629788 0.0897637 0.0664111 0.1046177 0.0916592 0.1014785 0.0210355 0.0257821 0.0230221 0.0965504 0.1804979 0.1760596 0.1190166 0.1168225 0.1133528 0.1124520 0.1210065 0.1154048 0.1803356 0.9486167 0.0000000 0.1220825 
CAP8       0.0112538 0.0134790 0.0185399 0.0589878 0.0644704 0.0885610 0.0922264 0.0869242 0.0915266 0.0967292 0.0949948 0.0932031 0.1013355 0.0549609 0.0982774 0.0944361 0.0658694 0.0904501 0.0932848 0.0960252 0.0833540 0.0991616 0.0640351 0.0927729 0.0960431 0.0693226 0.0991297 0.0917332 0.0992005 0.0986133 0.0858502 0.0863423 0.0856934 0.0699782 0.0834838 0.0606282 0.0930247 0.0801341 0.0908952 0.0981422 0.0988028 0.0974365 0.0958529 0.1588746 0.1640465 0.1131051 0.1052954 0.1116721 0.1120171 0.1133846 0.1062022 0.1611373 0.9075984 0.1220825 0.0000000 
