51
100008_1                 0.0000000 0.0006799 0.0061918 0.0423380 0.0489538 0.0718783 0.0729452 0.0687230 0.0713770 0.0821272 0.0769127 0.0755530 0.0806996 0.0786974 0.0774311 0.0487588 0.0724606 0.0744265 0.0770013 0.0647351 0.0812126 0.0748691 0.0779103 0.0808698 0.0736941 0.0805288 0.0813054 0.0719834 0.0713981 0.0702284 0.0757726 0.0623929 0.0737271 0.0794665 0.0805161 0.0789071 0.0813824 0.1354764 0.1343465 0.0987097 0.0917808 0.1002233 0.0988564 0.0990871 0.1004520 0.0960340 0.1397355 0.1474044 0.1092057 0.0112783 0.1343862 
100008_2                 0.0006799 0.0000000 0.0051759 0.0388458 0.0451728 0.0666337 0.0676686 0.0634647 0.0664189 0.0772730 0.0713031 0.0706539 0.0754378 0.0743814 0.0731897 0.0449207 0.0692760 0.0690133 0.0714053 0.0588917 0.0752102 0.0692629 0.0720447 0.0756772 0.0690562 0.0759473 0.0766288 0.0668917 0.0662916 0.0650198 0.0709267 0.0577022 0.0684531 0.0744878 0.0745590 0.0732492 0.0780830 0.1263350 0.1260739 0.0930656 0.0867432 0.0943250 0.0926132 0.0928335 0.0939614 0.0910839 0.1295331 0.1367793 0.1035939 0.0135142 0.1258070 
100008_3                 0.0061918 0.0051759 0.0000000 0.0454957 0.0514085 0.0736921 0.0770296 0.0725781 0.0753268 0.0839003 0.0789789 0.0772931 0.0850348 0.0832818 0.0807777 0.0520228 0.0765997 0.0773803 0.0797117 0.0675567 0.0827606 0.0768504 0.0790913 0.0824799 0.0761141 0.0837239 0.0824432 0.0736007 0.0734953 0.0723518 0.0764984 0.0636906 0.0750901 0.0803415 0.0828698 0.0809426 0.0804689 0.1415669 0.1327863 0.1017493 0.0942310 0.1013860 0.0993724 0.0995886 0.1033270 0.0982055 0.1391590 0.1518328 0.1080834 0.0186006 0.1410772 
100137_1                 0.0423380 0.0388458 0.0454957 0.0000000 0.0017953 0.0055144 0.0452735 0.0415278 0.0439950 0.0520236 0.0440544 0.0413346 0.0515615 0.0494242 0.0498949 0.0258099 0.0473833 0.0438907 0.0474106 0.0358550 0.0506400 0.0449272 0.0506032 0.0539783 0.0465654 0.0514019 0.0530013 0.0398988 0.0397863 0.0391555 0.0478327 0.0353069 0.0448241 0.0455561 0.0472387 0.0463770 0.0208648 0.0936717 0.0906066 0.0659437 0.0620429 0.0686919 0.0622028 0.0656474 0.0686165 0.0642009 0.0829807 0.1024277 0.0699543 0.0595977 0.0933841 
100137_2                 0.0489538 0.0451728 0.0514085 0.0017953 0.0000000 0.0053452 0.0510404 0.0485464 0.0494764 0.0546345 0.0504387 0.0487573 0.0555675 0.0534571 0.0543394 0.0291636 0.0516987 0.0486882 0.0514103 0.0403595 0.0547731 0.0492412 0.0533613 0.0573350 0.0504258 0.0553397 0.0555526 0.0446891 0.0446356 0.0436799 0.0510193 0.0398168 0.0488545 0.0507086 0.0504439 0.0503660 0.0234951 0.0984704 0.0963493 0.0700186 0.0668493 0.0704502 0.0654347 0.0699252 0.0728516 0.0673274 0.0822965 0.0986795 0.0746257 0.0651703 0.0919478 
100137_3                 0.0718783 0.0666337 0.0736921 0.0055144 0.0053452 0.0000000 0.0731653 0.0700758 0.0711513 0.0791101 0.0716666 0.0699451 0.0795001 0.0767271 0.0772982 0.0489513 0.0734552 0.0699050 0.0727669 0.0605956 0.0795755 0.0723917 0.0757744 0.0792497 0.0723966 0.0780574 0.0767807 0.0646279 0.0642090 0.0625859 0.0739109 0.0600404 0.0710285 0.0709620 0.0728921 0.0718973 0.0372029 0.1530155 0.1425352 0.0946299 0.0899916 0.0957691 0.0880851 0.0958801 0.0952961 0.0915663 0.1272505 0.1471663 0.0992520 0.0899259 0.1318857 
100177_1                 0.0729452 0.0676686 0.0770296 0.0452735 0.0510404 0.0731653 0.0000000 0.0007925 0.0028452 0.0802069 0.0606858 0.0587628 0.0700236 0.0668751 0.0723461 0.0433750 0.0697660 0.0618756 0.0639179 0.0524201 0.0792242 0.0744162 0.0776101 0.0800233 0.0654038 0.0721905 0.0724311 0.0642838 0.0644263 0.0632464 0.0808809 0.0665679 0.0794588 0.0736350 0.0754699 0.0738752 0.0750953 0.0316903 0.1149457 0.0856305 0.0889305 0.0991989 0.0829227 0.0956280 0.0957967 0.0877452 0.1282544 0.1550870 0.1033413 0.0937487 0.1378326 
100177_2                 0.0687230 0.0634647 0.0725781 0.0415278 0.0485464 0.0700758 0.0007925 0.0000000 0.0032071 0.0761810 0.0577916 0.0564694 0.0671541 0.0640010 0.0685116 0.0406390 0.0662114 0.0586735 0.0605234 0.0492543 0.0758668 0.0713552 0.0746846 0.0770223 0.0624906 0.0689510 0.0690060 0.0601026 0.0599759 0.0593527 0.0771889 0.0634988 0.0756603 0.0697936 0.0720504 0.0704311 0.0711266 0.0324373 0.1112132 0.0828150 0.0846172 0.0950074 0.0793982 0.0917926 0.0924623 0.0838841 0.1229663 0.1460317 0.0995498 0.0882838 0.1325895 
100177_3                 0.0713770 0.0664189 0.0753268 0.0439950 0.0494764 0.0711513 0.0028452 0.0032071 0.0000000 0.0762223 0.0599415 0.0573939 0.0690680 0.0657243 0.0707435 0.0418707 0.0682684 0.0590662 0.0614139 0.0505151 0.0774392 0.0721766 0.0766124 0.0782621 0.0630153 0.0704586 0.0707755 0.0638851 0.0629794 0.0617938 0.0793543 0.0654001 0.0777907 0.0727417 0.0736739 0.0720491 0.0743369 0.0420668 0.1102843 0.0847264 0.0869402 0.0956790 0.0800246 0.0942798 0.0924274 0.0861999 0.1266381 0.1492177 0.1019618 0.0930184 0.1304901 
100200_1                 0.0821272 0.0772730 0.0839003 0.0520236 0.0546345 0.0791101 0.0802069 0.0761810 0.0762223 0.0000000 0.0843408 0.0801711 0.0884356 0.0818031 0.0877332 0.0559060 0.0835187 0.0824132 0.0851472 0.0737886 0.0768006 0.0730041 0.0721030 0.0743862 0.0814059 0.0899908 0.0896504 0.0753829 0.0765567 0.0748631 0.0816224 0.0687332 0.0785780 0.0784018 0.0804185 0.0787560 0.0797736 0.1611299 0.1610247 0.1049123 0.1038627 0.0106714 0.1026285 0.0930316 0.1046111 0.1034456 0.1484376 0.1550068 0.1068428 0.0983766 0.1410180 
100200_2                 0.0769127 0.0713031 0.0789789 0.0440544 0.0504387 0.0716666 0.0606858 0.0577916 0.0599415 0.0843408 0.0000000 0.0022744 0.0656327 0.0636219 0.0736434 0.0448753 0.0718973 0.0639226 0.0644500 0.0524272 0.0781409 0.0729269 0.0811991 0.0853362 0.0618680 0.0720433 0.0711722 0.0645420 0.0635771 0.0626115 0.0796042 0.0625135 0.0780171 0.0695299 0.0729760 0.0703503 0.0881698 0.1150190 0.0378288 0.0799526 0.0893032 0.1032333 0.0827615 0.0953030 0.0921338 0.0839238 0.1300244 0.1534986 0.0968047 0.0965460 0.1345132 
100200_3                 0.0755530 0.0706539 0.0772931 0.0413346 0.0487573 0.0699451 0.0587628 0.0564694 0.0573939 0.0801711 0.0022744 0.0000000 0.0642826 0.0612673 0.0724137 0.0436080 0.0708746 0.0609769 0.0613249 0.0509344 0.0756308 0.0709224 0.0783669 0.0806850 0.0589535 0.0697566 0.0688144 0.0631682 0.0618450 0.0612631 0.0766802 0.0591301 0.0751183 0.0700272 0.0722019 0.0696817 0.0852068 0.1121758 0.0433417 0.0780431 0.0883334 0.0987018 0.0799865 0.0922666 0.0893270 0.0815596 0.1250183 0.1498132 0.0963172 0.0944866 0.1263490 
100206_1                 0.0806996 0.0754378 0.0850348 0.0515615 0.0555675 0.0795001 0.0700236 0.0671541 0.0690680 0.0884356 0.0656327 0.0642826 0.0000000 0.0031623 0.0782639 0.0408173 0.0752927 0.0680051 0.0696069 0.0580532 0.0858179 0.0803906 0.0906383 0.0917127 0.0744948 0.0811957 0.0820639 0.0710453 0.0707739 0.0689145 0.0897886 0.0731636 0.0835972 0.0821699 0.0832290 0.0820349 0.0836344 0.1421924 0.1202422 0.0108740 0.0948653 0.1056630 0.0868143 0.1030254 0.1041598 0.0955645 0.1427267 0.1745455 0.1103014 0.1033381 0.1523346 
100206_3                 0.0786974 0.0743814 0.0832818 0.0494242 0.0534571 0.0767271 0.0668751 0.0640010 0.0657243 0.0818031 0.0636219 0.0612673 0.0031623 0.0000000 0.0765046 0.0398286 0.0733107 0.0643931 0.0659791 0.0545934 0.0822735 0.0766313 0.0859712 0.0885279 0.0708090 0.0773129 0.0778739 0.0680116 0.0678492 0.0659422 0.0854736 0.0699620 0.0801581 0.0795013 0.0812385 0.0797818 0.0821558 0.1339791 0.1208656 0.0141445 0.0927343 0.0991535 0.0834853 0.0992937 0.0998114 0.0913679 0.1365926 0.1617046 0.1082090 0.1001329 0.1427674 
100217_1                 0.0774311 0.0731897 0.0807777 0.0498949 0.0543394 0.0772982 0.0723461 0.0685116 0.0707435 0.0877332 0.0736434 0.0724137 0.0782639 0.0765046 0.0000000 0.0066823 0.0040652 0.0739067 0.0743378 0.0636148 0.0843953 0.0789508 0.0794218 0.0846885 0.0756479 0.0807459 0.0828074 0.0718043 0.0712611 0.0706763 0.0844129 0.0710449 0.0806922 0.0791743 0.0801704 0.0789318 0.0695073 0.1341526 0.1406216 0.0940390 0.0231924 0.1051533 0.0923926 0.1012636 0.1061208 0.0946690 0.1411334 0.1629551 0.1075791 0.0960923 0.1544179 
100217_2                 0.0487588 0.0449207 0.0520228 0.0258099 0.0291636 0.0489513 0.0433750 0.0406390 0.0418707 0.0559060 0.0448753 0.0436080 0.0408173 0.0398286 0.0066823 0.0000000 0.0064752 0.0459641 0.0475287 0.0376373 0.0542180 0.0497768 0.0538720 0.0563489 0.0414463 0.0463684 0.0485367 0.0414395 0.0415006 0.0406874 0.0558699 0.0420220 0.0513918 0.0524273 0.0529261 0.0517070 0.0517159 0.1004851 0.0998621 0.0561734 0.0234994 0.0732037 0.0662051 0.0701529 0.0743796 0.0598299 0.0982638 0.1209907 0.0800314 0.0667676 0.1093107 
100217_3                 0.0724606 0.0692760 0.0765997 0.0473833 0.0516987 0.0734552 0.0697660 0.0662114 0.0682684 0.0835187 0.0718973 0.0708746 0.0752927 0.0733107 0.0040652 0.0064752 0.0000000 0.0703426 0.0710630 0.0602389 0.0803345 0.0750614 0.0756614 0.0792664 0.0716430 0.0772424 0.0795746 0.0691074 0.0682167 0.0671799 0.0807602 0.0666358 0.0764674 0.0759612 0.0764875 0.0746480 0.0670424 0.1318396 0.1399151 0.0927026 0.0188455 0.1009584 0.0922160 0.0968864 0.1013173 0.0921910 0.1323855 0.1497151 0.1062392 0.0918479 0.1392200 
100248_1                 0.0744265 0.0690133 0.0773803 0.0438907 0.0486882 0.0699050 0.0618756 0.0586735 0.0590662 0.0824132 0.0639226 0.0609769 0.0680051 0.0643931 0.0739067 0.0459641 0.0703426 0.0000000 0.0029529 0.0080576 0.0782942 0.0730050 0.0748641 0.0771818 0.0696735 0.0761607 0.0771177 0.0672104 0.0652416 0.0642162 0.0813356 0.0661870 0.0782080 0.0719641 0.0736070 0.0720939 0.0834766 0.1211873 0.1209917 0.0840796 0.0878470 0.1013048 0.0139963 0.0966050 0.0921179 0.0916068 0.1235656 0.1417387 0.1018289 0.0947942 0.1117288 
100248_2                 0.0770013 0.0714053 0.0797117 0.0474106 0.0514103 0.0727669 0.0639179 0.0605234 0.0614139 0.0851472 0.0644500 0.0613249 0.0696069 0.0659791 0.0743378 0.0475287 0.0710630 0.0029529 0.0000000 0.0074492 0.0817710 0.0760131 0.0795849 0.0817284 0.0705471 0.0777286 0.0792088 0.0701855 0.0690438 0.0681035 0.0842029 0.0687248 0.0816372 0.0744265 0.0760935 0.0751691 0.0849758 0.1165446 0.1121683 0.0856757 0.0886135 0.1045685 0.0138226 0.0996981 0.0966560 0.0940766 0.1275171 0.1445415 0.1032846 0.0976084 0.1190859 
100248_3                 0.0647351 0.0588917 0.0675567 0.0358550 0.0403595 0.0605956 0.0524201 0.0492543 0.0505151 0.0737886 0.0524272 0.0509344 0.0580532 0.0545934 0.0636148 0.0376373 0.0602389 0.0080576 0.0074492 0.0000000 0.0677836 0.0635291 0.0657321 0.0678160 0.0603726 0.0661909 0.0663225 0.0569240 0.0557543 0.0550682 0.0705989 0.0560062 0.0677593 0.0630352 0.0645710 0.0631772 0.0788412 0.1039206 0.1006799 0.0737894 0.0771201 0.0915090 0.0213105 0.0846939 0.0826904 0.0806223 0.1060312 0.1278557 0.0929977 0.0845612 0.1047989 
100255_1                 0.0812126 0.0752102 0.0827606 0.0506400 0.0547731 0.0795755 0.0792242 0.0758668 0.0774392 0.0768006 0.0781409 0.0756308 0.0858179 0.0822735 0.0843953 0.0542180 0.0803345 0.0782942 0.0817710 0.0677836 0.0000000 0.0043384 0.0661864 0.0708771 0.0754802 0.0824667 0.0820763 0.0693354 0.0682813 0.0677257 0.0770215 0.0636268 0.0738454 0.0736560 0.0772179 0.0753156 0.0907110 0.1738596 0.1634147 0.1023761 0.0996362 0.0919141 0.1000651 0.0111682 0.0896416 0.0959563 0.1303724 0.1432891 0.1040430 0.1010372 0.1132348 
100255_3                 0.0748691 0.0692629 0.0768504 0.0449272 0.0492412 0.0723917 0.0744162 0.0713552 0.0721766 0.0730041 0.0729269 0.0709224 0.0803906 0.0766313 0.0789508 0.0497768 0.0750614 0.0730050 0.0760131 0.0635291 0.0043384 0.0000000 0.0616192 0.0668255 0.0709022 0.0776773 0.0774545 0.0639071 0.0633260 0.0618452 0.0723611 0.0590849 0.0693890 0.0680595 0.0711570 0.0688072 0.0843661 0.1637556 0.1606140 0.0962456 0.0938924 0.0882457 0.0932349 0.0150257 0.0854695 0.0918779 0.1271765 0.1413113 0.0975918 0.0943862 0.1090059 
100256_1                 0.0779103 0.0720447 0.0790913 0.0506032 0.0533613 0.0757744 0.0776101 0.0746846 0.0766124 0.0721030 0.0811991 0.0783669 0.0906383 0.0859712 0.0794218 0.0538720 0.0756614 0.0748641 0.0795849 0.0657321 0.0661864 0.0616192 0.0000000 0.0116265 0.0818240 0.0892195 0.0898057 0.0730086 0.0712369 0.0704315 0.0794779 0.0665220 0.0764854 0.0737437 0.0772371 0.0746057 0.0898975 0.1558937 0.1529910 0.1068142 0.0955550 0.0859556 0.0993835 0.0801059 0.0855588 0.1046357 0.1350133 0.1344992 0.1054101 0.0979125 0.0976517 
100256_3                 0.0808698 0.0756772 0.0824799 0.0539783 0.0573350 0.0792497 0.0800233 0.0770223 0.0782621 0.0743862 0.0853362 0.0806850 0.0917127 0.0885279 0.0846885 0.0563489 0.0792664 0.0771818 0.0817284 0.0678160 0.0708771 0.0668255 0.0116265 0.0000000 0.0823342 0.0897351 0.0903116 0.0767567 0.0757050 0.0730317 0.0826634 0.0694828 0.0791674 0.0770765 0.0797733 0.0769489 0.0944787 0.1535431 0.1484808 0.1096407 0.0993484 0.0895893 0.1022343 0.0852745 0.0779135 0.1054473 0.1367680 0.1567716 0.1052646 0.1009316 0.0680964 
100257_1                 0.0736941 0.0690562 0.0761141 0.0465654 0.0504258 0.0723966 0.0654038 0.0624906 0.0630153 0.0814059 0.0618680 0.0589535 0.0744948 0.0708090 0.0756479 0.0414463 0.0716430 0.0696735 0.0705471 0.0603726 0.0754802 0.0709022 0.0818240 0.0823342 0.0000000 0.0027221 0.0084307 0.0613495 0.0620288 0.0596718 0.0728372 0.0581322 0.0699084 0.0725469 0.0741952 0.0718173 0.0770784 0.1298940 0.1133398 0.0897493 0.0890371 0.0987483 0.0903273 0.0940464 0.0959127 0.0120534 0.1273364 0.1318207 0.1030331 0.0931956 0.1297411 
100257_2                 0.0805288 0.0759473 0.0837239 0.0514019 0.0553397 0.0780574 0.0721905 0.0689510 0.0704586 0.0899908 0.0720433 0.0697566 0.0811957 0.0773129 0.0807459 0.0463684 0.0772424 0.0761607 0.0777286 0.0661909 0.0824667 0.0776773 0.0892195 0.0897351 0.0027221 0.0000000 0.0060380 0.0680553 0.0679749 0.0665805 0.0794234 0.0647836 0.0762415 0.0792165 0.0809506 0.0789496 0.0824443 0.1446119 0.1326763 0.0968197 0.0950806 0.1072952 0.0975634 0.1014070 0.1046364 0.0100800 0.1393589 0.1380244 0.1104194 0.1009470 0.1426699 
100257_3                 0.0813054 0.0766288 0.0824432 0.0530013 0.0555526 0.0767807 0.0724311 0.0690060 0.0707755 0.0896504 0.0711722 0.0688144 0.0820639 0.0778739 0.0828074 0.0485367 0.0795746 0.0771177 0.0792088 0.0663225 0.0820763 0.0774545 0.0898057 0.0903116 0.0084307 0.0060380 0.0000000 0.0679091 0.0681724 0.0665469 0.0795511 0.0665104 0.0764366 0.0795789 0.0822139 0.0799191 0.0822055 0.1427665 0.1409280 0.0954696 0.0945735 0.1068054 0.0963569 0.1013552 0.1038934 0.0135667 0.1299602 0.1464468 0.1089945 0.1003439 0.1521463 
100261_1                 0.0719834 0.0668917 0.0736007 0.0398988 0.0446891 0.0646279 0.0642838 0.0601026 0.0638851 0.0753829 0.0645420 0.0631682 0.0710453 0.0680116 0.0718043 0.0414395 0.0691074 0.0672104 0.0701855 0.0569240 0.0693354 0.0639071 0.0730086 0.0767567 0.0613495 0.0680553 0.0679091 0.0000000 0.0012483 0.0025198 0.0736779 0.0603632 0.0656823 0.0612452 0.0680715 0.0664422 0.0774426 0.1380301 0.1424953 0.0869757 0.0872223 0.0931328 0.0870982 0.0854099 0.0889729 0.0809412 0.0302451 0.1389034 0.0936490 0.0871420 0.1245265 
100261_2                 0.0713981 0.0662916 0.0734953 0.0397863 0.0446356 0.0642090 0.0644263 0.0599759 0.0629794 0.0765567 0.0635771 0.0618450 0.0707739 0.0678492 0.0712611 0.0415006 0.0682167 0.0652416 0.0690438 0.0557543 0.0682813 0.0633260 0.0712369 0.0757050 0.0620288 0.0679749 0.0681724 0.0012483 0.0000000 0.0019465 0.0741688 0.0604022 0.0664565 0.0610700 0.0678931 0.0656994 0.0787132 0.1400996 0.1391464 0.0870092 0.0865853 0.0938813 0.0867570 0.0836980 0.0879847 0.0815565 0.0294062 0.1388513 0.0929667 0.0876619 0.1206352 
100261_3                 0.0702284 0.0650198 0.0723518 0.0391555 0.0436799 0.0625859 0.0632464 0.0593527 0.0617938 0.0748631 0.0626115 0.0612631 0.0689145 0.0659422 0.0706763 0.0406874 0.0671799 0.0642162 0.0681035 0.0550682 0.0677257 0.0618452 0.0704315 0.0730317 0.0596718 0.0665805 0.0665469 0.0025198 0.0019465 0.0000000 0.0717059 0.0590654 0.0661779 0.0619449 0.0673897 0.0649061 0.0780928 0.1286147 0.1345026 0.0861196 0.0854685 0.0920030 0.0848736 0.0832391 0.0884173 0.0799710 0.0321097 0.1313981 0.0930553 0.0869904 0.1188783 
100306_1                 0.0757726 0.0709267 0.0764984 0.0478327 0.0510193 0.0739109 0.0808809 0.0771889 0.0793543 0.0816224 0.0796042 0.0766802 0.0897886 0.0854736 0.0844129 0.0558699 0.0807602 0.0813356 0.0842029 0.0705989 0.0770215 0.0723611 0.0794779 0.0826634 0.0728372 0.0794234 0.0795511 0.0736779 0.0741688 0.0717059 0.0000000 0.0033465 0.0069349 0.0780575 0.0794566 0.0779366 0.0666760 0.1503823 0.1496117 0.1063473 0.0972999 0.0983478 0.1033723 0.0939636 0.1067331 0.0927451 0.1388942 0.0214189 0.1065102 0.0945705 0.1440157 
100306_2                 0.0623929 0.0577022 0.0636906 0.0353069 0.0398168 0.0600404 0.0665679 0.0634988 0.0654001 0.0687332 0.0625135 0.0591301 0.0731636 0.0699620 0.0710449 0.0420220 0.0666358 0.0661870 0.0687248 0.0560062 0.0636268 0.0590849 0.0665220 0.0694828 0.0581322 0.0647836 0.0665104 0.0603632 0.0604022 0.0590654 0.0033465 0.0000000 0.0048790 0.0657247 0.0664789 0.0650094 0.0661126 0.1122169 0.1049528 0.0891627 0.0842200 0.0858605 0.0887418 0.0802477 0.0903963 0.0782943 0.1084931 0.0311482 0.0931376 0.0813139 0.1092999 
100306_3                 0.0737271 0.0684531 0.0750901 0.0448241 0.0488545 0.0710285 0.0794588 0.0756603 0.0777907 0.0785780 0.0780171 0.0751183 0.0835972 0.0801581 0.0806922 0.0513918 0.0764674 0.0782080 0.0816372 0.0677593 0.0738454 0.0693890 0.0764854 0.0791674 0.0699084 0.0762415 0.0764366 0.0656823 0.0664565 0.0661779 0.0069349 0.0048790 0.0000000 0.0749822 0.0763781 0.0746267 0.0726445 0.1506063 0.1515987 0.0994028 0.0943144 0.0956605 0.1009652 0.0904518 0.1027703 0.0889749 0.1185839 0.0386658 0.1032968 0.0923788 0.1375890 
100337_1                 0.0794665 0.0744878 0.0803415 0.0455561 0.0507086 0.0709620 0.0736350 0.0697936 0.0727417 0.0784018 0.0695299 0.0700272 0.0821699 0.0795013 0.0791743 0.0524273 0.0759612 0.0719641 0.0744265 0.0630352 0.0736560 0.0680595 0.0737437 0.0770765 0.0725469 0.0792165 0.0795789 0.0612452 0.0610700 0.0619449 0.0780575 0.0657247 0.0749822 0.0000000 0.0066722 0.0061225 0.0801304 0.1496726 0.1419993 0.0988924 0.0936982 0.0957519 0.0934665 0.0908684 0.0981776 0.0935717 0.1222596 0.1402000 0.0211179 0.0998579 0.1361675 
100337_2                 0.0805161 0.0745590 0.0828698 0.0472387 0.0504439 0.0728921 0.0754699 0.0720504 0.0736739 0.0804185 0.0729760 0.0722019 0.0832290 0.0812385 0.0801704 0.0529261 0.0764875 0.0736070 0.0760935 0.0645710 0.0772179 0.0711570 0.0772371 0.0797733 0.0741952 0.0809506 0.0822139 0.0680715 0.0678931 0.0673897 0.0794566 0.0664789 0.0763781 0.0066722 0.0000000 0.0030692 0.0749688 0.1502687 0.1377971 0.1005124 0.0946961 0.0983652 0.0940518 0.0935898 0.1022413 0.0962945 0.1341808 0.1438485 0.0258960 0.1007040 0.1409202 
100337_3                 0.0789071 0.0732492 0.0809426 0.0463770 0.0503660 0.0718973 0.0738752 0.0704311 0.0720491 0.0787560 0.0703503 0.0696817 0.0820349 0.0797818 0.0789318 0.0517070 0.0746480 0.0720939 0.0751691 0.0631772 0.0753156 0.0688072 0.0746057 0.0769489 0.0718173 0.0789496 0.0799191 0.0664422 0.0656994 0.0649061 0.0779366 0.0650094 0.0746267 0.0061225 0.0030692 0.0000000 0.0815667 0.1392168 0.1383327 0.0995059 0.0935189 0.0967457 0.0942818 0.0919956 0.1005169 0.0946268 0.1239368 0.1325827 0.0231213 0.0991238 0.1317628 
CAP137                   0.0813824 0.0780830 0.0804689 0.0208648 0.0234951 0.0372029 0.0750953 0.0711266 0.0743369 0.0797736 0.0881698 0.0852068 0.0836344 0.0821558 0.0695073 0.0517159 0.0670424 0.0834766 0.0849758 0.0788412 0.0907110 0.0843661 0.0898975 0.0944787 0.0770784 0.0824443 0.0822055 0.0774426 0.0787132 0.0780928 0.0666760 0.0661126 0.0726445 0.0801304 0.0749688 0.0815667 0.0000000 0.0000010 0.0000010 0.0937988 0.0777970 0.0907661 0.0961049 0.0983620 0.1065923 0.0877906 0.0000010 0.0000010 0.0982296 0.0976220 0.0000010 
CAP177                   0.1354764 0.1263350 0.1415669 0.0936717 0.0984704 0.1530155 0.0316903 0.0324373 0.0420668 0.1611299 0.1150190 0.1121758 0.1421924 0.1339791 0.1341526 0.1004851 0.1318396 0.1211873 0.1165446 0.1039206 0.1738596 0.1637556 0.1558937 0.1535431 0.1298940 0.1446119 0.1427665 0.1380301 0.1400996 0.1286147 0.1503823 0.1122169 0.1506063 0.1496726 0.1502687 0.1392168 0.0000010 0.0000000 0.1476783 0.1706094 0.1542428 0.1832846 0.1452395 0.2045824 0.1832633 0.1673452 0.1633317 0.1933676 0.1846990 0.1587661 0.1805115 
CAP200                   0.1343465 0.1260739 0.1327863 0.0906066 0.0963493 0.1425352 0.1149457 0.1112132 0.1102843 0.1610247 0.0378288 0.0433417 0.1202422 0.1208656 0.1406216 0.0998621 0.1399151 0.1209917 0.1121683 0.1006799 0.1634147 0.1606140 0.1529910 0.1484808 0.1133398 0.1326763 0.1409280 0.1424953 0.1391464 0.1345026 0.1496117 0.1049528 0.1515987 0.1419993 0.1377971 0.1383327 0.0000010 0.1476783 0.0000000 0.1494596 0.1599581 0.1820618 0.1499828 0.1972559 0.1770021 0.1540934 0.1849204 0.1871384 0.1866798 0.1619316 0.1743170 
CAP206                   0.0987097 0.0930656 0.1017493 0.0659437 0.0700186 0.0946299 0.0856305 0.0828150 0.0847264 0.1049123 0.0799526 0.0780431 0.0108740 0.0141445 0.0940390 0.0561734 0.0927026 0.0840796 0.0856757 0.0737894 0.1023761 0.0962456 0.1068142 0.1096407 0.0897493 0.0968197 0.0954696 0.0869757 0.0870092 0.0861196 0.1063473 0.0891627 0.0994028 0.0988924 0.1005124 0.0995059 0.0937988 0.1706094 0.1494596 0.0000000 0.1076469 0.1181542 0.0970304 0.1154207 0.1162772 0.1036303 0.1862563 0.2153826 0.1216892 0.1155370 0.1962158 
CAP217                   0.0917808 0.0867432 0.0942310 0.0620429 0.0668493 0.0899916 0.0889305 0.0846172 0.0869402 0.1038627 0.0893032 0.0883334 0.0948653 0.0927343 0.0231924 0.0234994 0.0188455 0.0878470 0.0886135 0.0771201 0.0996362 0.0938924 0.0955550 0.0993484 0.0890371 0.0950806 0.0945735 0.0872223 0.0865853 0.0854685 0.0972999 0.0842200 0.0943144 0.0936982 0.0946961 0.0935189 0.0777970 0.1542428 0.1599581 0.1076469 0.0000000 0.1179246 0.1026122 0.1119984 0.1157926 0.1024808 0.1664250 0.1751001 0.1189993 0.1070050 0.1675322 
CAP239                   0.1002233 0.0943250 0.1013860 0.0686919 0.0704502 0.0957691 0.0991989 0.0950074 0.0956790 0.0106714 0.1032333 0.0987018 0.1056630 0.0991535 0.1051533 0.0732037 0.1009584 0.1013048 0.1045685 0.0915090 0.0919141 0.0882457 0.0859556 0.0895893 0.0987483 0.1072952 0.1068054 0.0931328 0.0938813 0.0920030 0.0983478 0.0858605 0.0956605 0.0957519 0.0983652 0.0967457 0.0907661 0.1832846 0.1820618 0.1181542 0.1179246 0.0000000 0.1176047 0.1014021 0.1134035 0.1151348 0.1770878 0.1677171 0.1210953 0.1118287 0.1466027 
CAP248                   0.0988564 0.0926132 0.0993724 0.0622028 0.0654347 0.0880851 0.0829227 0.0793982 0.0800246 0.1026285 0.0827615 0.0799865 0.0868143 0.0834853 0.0923926 0.0662051 0.0922160 0.0139963 0.0138226 0.0213105 0.1000651 0.0932349 0.0993835 0.1022343 0.0903273 0.0975634 0.0963569 0.0870982 0.0867570 0.0848736 0.1033723 0.0887418 0.1009652 0.0934665 0.0940518 0.0942818 0.0961049 0.1452395 0.1499828 0.0970304 0.1026122 0.1176047 0.0000000 0.1138677 0.1108275 0.1074112 0.1606473 0.1892624 0.1155645 0.1138176 0.1565900 
CAP255                   0.0990871 0.0928335 0.0995886 0.0656474 0.0699252 0.0958801 0.0956280 0.0917926 0.0942798 0.0930316 0.0953030 0.0922666 0.1030254 0.0992937 0.1012636 0.0701529 0.0968864 0.0966050 0.0996981 0.0846939 0.0111682 0.0150257 0.0801059 0.0852745 0.0940464 0.1014070 0.1013552 0.0854099 0.0836980 0.0832391 0.0939636 0.0802477 0.0904518 0.0908684 0.0935898 0.0919956 0.0983620 0.2045824 0.1972559 0.1154207 0.1119984 0.1014021 0.1138677 0.0000000 0.0998173 0.1100484 0.1695723 0.1757718 0.1147619 0.1143428 0.1345675 
CAP256                   0.1004520 0.0939614 0.1033270 0.0686165 0.0728516 0.0952961 0.0957967 0.0924623 0.0924274 0.1046111 0.0921338 0.0893270 0.1041598 0.0998114 0.1061208 0.0743796 0.1013173 0.0921179 0.0966560 0.0826904 0.0896416 0.0854695 0.0855588 0.0779135 0.0959127 0.1046364 0.1038934 0.0889729 0.0879847 0.0884173 0.1067331 0.0903963 0.1027703 0.0981776 0.1022413 0.1005169 0.1065923 0.1832633 0.1770021 0.1162772 0.1157926 0.1134035 0.1108275 0.0998173 0.0000000 0.1117942 0.1652540 0.1912532 0.1232937 0.1153956 0.0038742 
CAP257                   0.0960340 0.0910839 0.0982055 0.0642009 0.0673274 0.0915663 0.0877452 0.0838841 0.0861999 0.1034456 0.0839238 0.0815596 0.0955645 0.0913679 0.0946690 0.0598299 0.0921910 0.0916068 0.0940766 0.0806223 0.0959563 0.0918779 0.1046357 0.1054473 0.0120534 0.0100800 0.0135667 0.0809412 0.0815565 0.0799710 0.0927451 0.0782943 0.0889749 0.0935717 0.0962945 0.0946268 0.0877906 0.1673452 0.1540934 0.1036303 0.1024808 0.1151348 0.1074112 0.1100484 0.1117942 0.0000000 0.1641400 0.1692934 0.1181124 0.1084095 0.1718751 
CAP261                   0.1397355 0.1295331 0.1391590 0.0829807 0.0822965 0.1272505 0.1282544 0.1229663 0.1266381 0.1484376 0.1300244 0.1250183 0.1427267 0.1365926 0.1411334 0.0982638 0.1323855 0.1235656 0.1275171 0.1060312 0.1303724 0.1271765 0.1350133 0.1367680 0.1273364 0.1393589 0.1299602 0.0302451 0.0294062 0.0321097 0.1388942 0.1084931 0.1185839 0.1222596 0.1341808 0.1239368 0.0000010 0.1633317 0.1849204 0.1862563 0.1664250 0.1770878 0.1606473 0.1695723 0.1652540 0.1641400 0.0000000 0.1812479 0.1885290 0.1678714 0.1619273 
CAP306                   0.1474044 0.1367793 0.1518328 0.1024277 0.0986795 0.1471663 0.1550870 0.1460317 0.1492177 0.1550068 0.1534986 0.1498132 0.1745455 0.1617046 0.1629551 0.1209907 0.1497151 0.1417387 0.1445415 0.1278557 0.1432891 0.1413113 0.1344992 0.1567716 0.1318207 0.1380244 0.1464468 0.1389034 0.1388513 0.1313981 0.0214189 0.0311482 0.0386658 0.1402000 0.1438485 0.1325827 0.0000010 0.1933676 0.1871384 0.2153826 0.1751001 0.1677171 0.1892624 0.1757718 0.1912532 0.1692934 0.1812479 0.0000000 0.1953703 0.1765211 0.1884826 
CAP337                   0.1092057 0.1035939 0.1080834 0.0699543 0.0746257 0.0992520 0.1033413 0.0995498 0.1019618 0.1068428 0.0968047 0.0963172 0.1103014 0.1082090 0.1075791 0.0800314 0.1062392 0.1018289 0.1032846 0.0929977 0.1040430 0.0975918 0.1054101 0.1052646 0.1030331 0.1104194 0.1089945 0.0936490 0.0929667 0.0930553 0.1065102 0.0931376 0.1032968 0.0211179 0.0258960 0.0231213 0.0982296 0.1846990 0.1866798 0.1216892 0.1189993 0.1210953 0.1155645 0.1147619 0.1232937 0.1181124 0.1885290 0.1953703 0.0000000 0.1247132 0.2003136 
CAP8                     0.0112783 0.0135142 0.0186006 0.0595977 0.0651703 0.0899259 0.0937487 0.0882838 0.0930184 0.0983766 0.0965460 0.0944866 0.1033381 0.1001329 0.0960923 0.0667676 0.0918479 0.0947942 0.0976084 0.0845612 0.1010372 0.0943862 0.0979125 0.1009316 0.0931956 0.1009470 0.1003439 0.0871420 0.0876619 0.0869904 0.0945705 0.0813139 0.0923788 0.0998579 0.1007040 0.0991238 0.0976220 0.1587661 0.1619316 0.1155370 0.1070050 0.1118287 0.1138176 0.1143428 0.1153956 0.1084095 0.1678714 0.1765211 0.1247132 0.0000000 0.1670953 
CAP256_primary_infecting 0.1343862 0.1258070 0.1410772 0.0933841 0.0919478 0.1318857 0.1378326 0.1325895 0.1304901 0.1410180 0.1345132 0.1263490 0.1523346 0.1427674 0.1544179 0.1093107 0.1392200 0.1117288 0.1190859 0.1047989 0.1132348 0.1090059 0.0976517 0.0680964 0.1297411 0.1426699 0.1521463 0.1245265 0.1206352 0.1188783 0.1440157 0.1092999 0.1375890 0.1361675 0.1409202 0.1317628 0.0000010 0.1805115 0.1743170 0.1962158 0.1675322 0.1466027 0.1565900 0.1345675 0.0038742 0.1718751 0.1619273 0.1884826 0.2003136 0.1670953 0.0000000 
