51
100008_1   0.0000000 0.0006799 0.0061922 0.0423579 0.0489988 0.0719187 0.0731704 0.0689447 0.0715976 0.0821911 0.0769499 0.0759146 0.0806117 0.0786065 0.0773154 0.0486318 0.0724935 0.0744647 0.0770039 0.0647594 0.0814535 0.0750955 0.0778143 0.0809345 0.0737757 0.0806229 0.0814020 0.0720287 0.0714442 0.0702687 0.0760137 0.0624278 0.0737795 0.0795228 0.0805734 0.0789612 0.0420629 0.0814275 0.1399159 0.1341514 0.0986467 0.0920182 0.1003676 0.0990783 0.0992521 0.1005905 0.0961669 0.1404541 0.1480716 0.1090900 0.0112792 
100008_2   0.0006799 0.0000000 0.0051761 0.0388619 0.0452128 0.0666665 0.0678825 0.0636742 0.0666289 0.0773296 0.0713338 0.0710044 0.0753425 0.0742849 0.0730680 0.0447915 0.0693033 0.0690473 0.0714066 0.0589132 0.0754374 0.0694775 0.0719434 0.0757354 0.0691279 0.0760301 0.0767147 0.0669295 0.0663302 0.0650527 0.0711664 0.0577304 0.0684983 0.0745369 0.0746052 0.0732958 0.0375108 0.0781228 0.1302603 0.1259241 0.0929916 0.0869689 0.0944555 0.0928276 0.0929980 0.0940874 0.0912030 0.1302197 0.1392056 0.1034732 0.0135153 
100008_3   0.0061922 0.0051761 0.0000000 0.0455189 0.0514599 0.0737366 0.0772657 0.0728096 0.0755584 0.0839686 0.0788739 0.0776518 0.0849505 0.0831952 0.0806657 0.0518972 0.0766401 0.0774235 0.0797189 0.0675844 0.0830079 0.0770840 0.0789996 0.0825533 0.0762044 0.0838261 0.0825407 0.0736489 0.0735446 0.0723968 0.0767395 0.0637286 0.0751467 0.0804056 0.0829365 0.0810062 0.0455890 0.0805058 0.1456755 0.1333338 0.1016851 0.0944746 0.1015375 0.0995991 0.0997773 0.1034806 0.0983438 0.1390626 0.1533592 0.1079803 0.0186034 
100137_1   0.0423579 0.0388619 0.0455189 0.0000000 0.0016750 0.0056365 0.0451327 0.0413877 0.0438537 0.0520523 0.0440703 0.0418115 0.0514444 0.0493055 0.0497673 0.0256786 0.0473987 0.0439096 0.0475882 0.0358686 0.0504954 0.0447813 0.0504857 0.0540134 0.0464337 0.0512697 0.0528719 0.0399146 0.0398030 0.0391689 0.0477049 0.0353211 0.0448483 0.0455802 0.0472627 0.0463994 0.0131337 0.0208619 0.0983167 0.0877531 0.0658362 0.0622395 0.0685676 0.0622304 0.0655721 0.0684934 0.0640672 0.0843238 0.1011364 0.0700049 0.0596356 
100137_2   0.0489988 0.0452128 0.0514599 0.0016750 0.0000000 0.0053455 0.0510743 0.0485795 0.0495009 0.0545065 0.0503047 0.0490684 0.0554801 0.0533440 0.0542396 0.0288922 0.0515622 0.0485583 0.0514384 0.0402286 0.0547986 0.0492613 0.0530864 0.0572106 0.0504544 0.0553709 0.0555860 0.0448615 0.0448084 0.0438497 0.0510590 0.0396846 0.0487277 0.0505793 0.0503131 0.0502344 0.0180592 0.0234915 0.1033298 0.0956746 0.0699509 0.0670529 0.0705009 0.0654774 0.0700407 0.0729062 0.0673765 0.0830546 0.0969284 0.0745033 0.0652433 
100137_3   0.0719187 0.0666665 0.0737366 0.0056365 0.0053455 0.0000000 0.0732005 0.0701099 0.0711836 0.0793473 0.0718751 0.0706059 0.0793953 0.0767959 0.0771707 0.0489778 0.0736602 0.0701175 0.0729849 0.0607931 0.0796126 0.0724212 0.0758554 0.0794967 0.0724502 0.0781139 0.0768387 0.0646651 0.0642471 0.0626189 0.0739677 0.0602347 0.0712484 0.0710224 0.0731160 0.0721218 0.0382741 0.0372021 0.1585014 0.1413000 0.0945399 0.0902278 0.0958560 0.0881430 0.0960375 0.0953790 0.0916487 0.1237278 0.1448160 0.0990336 0.0899942 
100177_1   0.0731704 0.0678825 0.0772657 0.0451327 0.0510743 0.0732005 0.0000000 0.0007925 0.0028453 0.0800828 0.0603974 0.0588069 0.0701004 0.0667756 0.0724079 0.0429557 0.0696219 0.0617455 0.0638116 0.0522858 0.0792737 0.0744579 0.0773278 0.0799002 0.0652942 0.0720802 0.0723262 0.0643420 0.0644880 0.0633041 0.0809329 0.0664191 0.0791471 0.0735009 0.0753376 0.0737445 0.0428320 0.0751247 0.0354821 0.1142735 0.0857354 0.0891637 0.0992987 0.0828310 0.0958017 0.0957189 0.0876508 0.1289361 0.1518931 0.1030085 0.0940237 
100177_2   0.0689447 0.0636742 0.0728096 0.0413877 0.0485795 0.0701099 0.0007925 0.0000000 0.0032072 0.0760581 0.0575056 0.0565130 0.0672276 0.0639010 0.0685702 0.0402227 0.0660687 0.0585442 0.0604172 0.0491209 0.0759136 0.0713964 0.0744057 0.0769015 0.0623814 0.0688418 0.0689019 0.0601563 0.0600321 0.0594059 0.0772508 0.0633523 0.0753529 0.0696619 0.0719201 0.0703024 0.0395909 0.0711483 0.0353866 0.1105640 0.0829167 0.0848449 0.0951040 0.0793055 0.0919578 0.0923819 0.0837884 0.1236580 0.1443265 0.0992213 0.0885517 
100177_3   0.0715976 0.0666289 0.0755584 0.0438537 0.0495009 0.0711836 0.0028453 0.0032072 0.0000000 0.0760969 0.0597944 0.0578766 0.0691440 0.0656246 0.0708032 0.0415903 0.0681238 0.0589344 0.0614489 0.0503795 0.0774859 0.0722158 0.0763301 0.0781374 0.0630501 0.0704989 0.0708208 0.0639439 0.0630393 0.0618493 0.0794237 0.0652610 0.0776632 0.0726080 0.0735418 0.0719182 0.0406018 0.0743643 0.0445801 0.1102378 0.0848322 0.0871723 0.0957726 0.0800824 0.0944498 0.0925033 0.0862636 0.1273313 0.1482201 0.1016314 0.0932898 
100200_1   0.0821911 0.0773296 0.0839686 0.0520523 0.0545065 0.0793473 0.0800828 0.0760581 0.0760969 0.0000000 0.0845626 0.0810933 0.0883600 0.0817214 0.0878017 0.0559343 0.0837394 0.0824791 0.0853968 0.0738370 0.0766711 0.0728716 0.0720123 0.0744586 0.0812918 0.0898799 0.0895413 0.0754309 0.0766076 0.0749077 0.0815085 0.0687834 0.0786463 0.0784656 0.0804852 0.0788179 0.0512534 0.0798457 0.1601938 0.1615168 0.1048632 0.1041379 0.0105535 0.1027078 0.0930050 0.1045228 0.1033487 0.1491708 0.1599626 0.1067385 0.0984663 
100200_2   0.0769499 0.0713338 0.0788739 0.0440703 0.0503047 0.0718751 0.0603974 0.0575056 0.0597944 0.0845626 0.0000000 0.0022751 0.0656696 0.0638104 0.0736897 0.0448924 0.0719426 0.0642504 0.0649397 0.0525892 0.0776864 0.0724752 0.0814370 0.0850873 0.0617516 0.0719304 0.0710607 0.0645693 0.0636046 0.0626357 0.0791701 0.0622449 0.0777569 0.0694268 0.0727175 0.0700927 0.0439942 0.0882152 0.1164867 0.0390504 0.0801732 0.0893828 0.1031554 0.0826447 0.0949342 0.0923469 0.0838195 0.1306925 0.1542750 0.0967051 0.0966070 
100200_3   0.0759146 0.0710044 0.0776518 0.0418115 0.0490684 0.0706059 0.0588069 0.0565130 0.0578766 0.0810933 0.0022751 0.0000000 0.0646216 0.0619226 0.0729079 0.0443549 0.0717256 0.0615995 0.0621079 0.0516868 0.0760240 0.0716405 0.0792727 0.0816510 0.0599214 0.0707751 0.0694038 0.0631724 0.0618507 0.0617461 0.0774302 0.0599686 0.0760282 0.0707592 0.0731034 0.0705762 0.0430343 0.0852506 0.1144281 0.0432772 0.0784221 0.0889026 0.0997156 0.0798173 0.0928111 0.0896322 0.0823464 0.1299084 0.1525292 0.0972755 0.0942744 
100206_1   0.0806117 0.0753425 0.0849505 0.0514444 0.0554801 0.0793953 0.0701004 0.0672276 0.0691440 0.0883600 0.0656696 0.0646216 0.0000000 0.0031624 0.0783205 0.0408349 0.0754997 0.0679022 0.0694752 0.0579422 0.0859177 0.0804791 0.0907196 0.0916421 0.0744333 0.0811411 0.0820130 0.0709448 0.0706755 0.0688108 0.0899279 0.0730640 0.0835178 0.0820815 0.0831411 0.0819463 0.0511777 0.0827716 0.1462591 0.1213455 0.0108752 0.0951214 0.1056582 0.0868748 0.1032716 0.1041486 0.0955367 0.1434521 0.1754785 0.1100277 0.1032767 
100206_3   0.0786065 0.0742849 0.0831952 0.0493055 0.0533440 0.0767959 0.0667756 0.0639010 0.0656246 0.0817214 0.0638104 0.0619226 0.0031624 0.0000000 0.0767219 0.0399879 0.0736748 0.0642882 0.0658761 0.0544823 0.0821771 0.0765289 0.0860460 0.0884517 0.0707101 0.0772172 0.0777838 0.0679109 0.0677505 0.0658373 0.0854088 0.0698598 0.0800726 0.0794095 0.0811473 0.0796896 0.0483531 0.0812901 0.1369673 0.1207540 0.0141465 0.0929916 0.0990956 0.0833942 0.0993226 0.0997484 0.0912919 0.1373298 0.1612066 0.1079319 0.1000674 
100217_1   0.0773154 0.0730680 0.0806657 0.0497673 0.0542396 0.0771707 0.0724079 0.0685702 0.0708032 0.0878017 0.0736897 0.0729079 0.0783205 0.0767219 0.0000000 0.0066822 0.0040651 0.0741093 0.0745056 0.0636429 0.0844798 0.0790245 0.0794910 0.0845856 0.0758918 0.0809997 0.0830738 0.0716900 0.0711493 0.0705599 0.0845128 0.0709281 0.0805915 0.0792344 0.0800667 0.0788301 0.0500651 0.0695314 0.1365309 0.1399980 0.0942982 0.0231961 0.1054851 0.0921380 0.1014895 0.1064421 0.0949681 0.1418487 0.1610355 0.1076612 0.0959964 
100217_2   0.0486318 0.0447915 0.0518972 0.0256786 0.0288922 0.0489778 0.0429557 0.0402227 0.0415903 0.0559343 0.0448924 0.0443549 0.0408349 0.0399879 0.0066822 0.0000000 0.0064753 0.0461276 0.0478452 0.0376479 0.0539244 0.0494829 0.0539079 0.0562287 0.0414569 0.0463807 0.0485523 0.0413106 0.0413732 0.0405574 0.0555888 0.0418931 0.0512711 0.0524525 0.0528004 0.0515818 0.0200658 0.0517316 0.1031101 0.0998895 0.0563596 0.0235043 0.0732437 0.0657799 0.0699224 0.0744238 0.0598557 0.0989128 0.1204109 0.0800673 0.0666490 
100217_3   0.0724935 0.0693033 0.0766401 0.0473987 0.0515622 0.0736602 0.0696219 0.0660687 0.0681238 0.0837394 0.0719426 0.0717256 0.0754997 0.0736748 0.0040651 0.0064753 0.0000000 0.0706885 0.0715744 0.0604094 0.0801930 0.0749156 0.0758797 0.0793143 0.0718303 0.0774354 0.0797758 0.0691420 0.0682536 0.0672124 0.0806352 0.0666675 0.0765164 0.0761725 0.0765350 0.0746960 0.0464351 0.0670621 0.1381717 0.1397247 0.0931223 0.0188485 0.1012046 0.0917901 0.0968542 0.1015506 0.0924150 0.1331073 0.1484981 0.1064848 0.0919092 
100248_1   0.0744647 0.0690473 0.0774235 0.0439096 0.0485583 0.0701175 0.0617455 0.0585442 0.0589344 0.0824791 0.0642504 0.0615995 0.0679022 0.0642882 0.0741093 0.0461276 0.0706885 0.0000000 0.0030679 0.0080585 0.0781541 0.0728620 0.0750708 0.0772418 0.0695518 0.0760394 0.0769962 0.0672488 0.0652795 0.0642520 0.0812162 0.0662208 0.0782630 0.0720077 0.0736531 0.0721391 0.0428665 0.0834931 0.1246183 0.1208832 0.0839906 0.0880743 0.1012086 0.0139958 0.0965731 0.0920118 0.0914952 0.1259586 0.1421335 0.1021241 0.0948570 
100248_2   0.0770039 0.0714066 0.0797189 0.0475882 0.0514384 0.0729849 0.0638116 0.0604172 0.0614489 0.0853968 0.0649397 0.0621079 0.0694752 0.0658761 0.0745056 0.0478452 0.0715744 0.0030679 0.0000000 0.0075693 0.0818250 0.0760583 0.0799722 0.0819704 0.0705905 0.0777781 0.0792609 0.0700586 0.0689189 0.0679756 0.0842624 0.0689295 0.0818735 0.0746455 0.0763167 0.0753919 0.0463790 0.0850077 0.1181026 0.1128279 0.0855504 0.0888414 0.1046728 0.0138238 0.0998831 0.0967407 0.0941507 0.1284717 0.1449470 0.1035695 0.0976250 
100248_3   0.0647594 0.0589132 0.0675844 0.0358686 0.0402286 0.0607931 0.0522858 0.0491209 0.0503795 0.0738370 0.0525892 0.0516868 0.0579422 0.0544823 0.0636429 0.0376479 0.0604094 0.0080585 0.0075693 0.0000000 0.0676405 0.0633824 0.0656198 0.0678566 0.0602427 0.0660606 0.0661938 0.0569514 0.0557820 0.0550935 0.0704680 0.0560268 0.0677960 0.0630665 0.0646033 0.0632091 0.0332864 0.0788449 0.1063112 0.1006858 0.0736897 0.0773301 0.0913965 0.0213110 0.0846423 0.0825745 0.0804992 0.1066864 0.1262818 0.0928603 0.0846053 
100255_1   0.0814535 0.0754374 0.0830079 0.0504954 0.0547986 0.0796126 0.0792737 0.0759136 0.0774859 0.0766711 0.0776864 0.0760240 0.0859177 0.0821771 0.0844798 0.0539244 0.0801930 0.0781541 0.0818250 0.0676405 0.0000000 0.0043385 0.0659083 0.0707531 0.0755303 0.0825257 0.0821346 0.0695496 0.0684946 0.0677854 0.0769231 0.0634846 0.0737113 0.0735182 0.0770801 0.0751775 0.0472249 0.0907405 0.1775054 0.1629619 0.1025130 0.0999018 0.0919918 0.1001376 0.0111790 0.0897058 0.0960433 0.1310223 0.1416229 0.1037003 0.1013289 
100255_3   0.0750955 0.0694775 0.0770840 0.0447813 0.0492613 0.0724212 0.0744579 0.0713964 0.0722158 0.0728716 0.0724752 0.0716405 0.0804791 0.0765289 0.0790245 0.0494829 0.0749156 0.0728620 0.0760583 0.0633824 0.0043385 0.0000000 0.0613373 0.0666959 0.0709461 0.0777280 0.0775041 0.0641126 0.0635326 0.0618982 0.0722587 0.0589434 0.0692543 0.0679180 0.0710153 0.0686662 0.0409620 0.0843871 0.1706380 0.1601945 0.0963690 0.0941427 0.0883196 0.0932951 0.0150415 0.0855291 0.0919579 0.1278498 0.1375924 0.0972482 0.0946608 
100256_1   0.0778143 0.0719434 0.0789996 0.0504857 0.0530864 0.0758554 0.0773278 0.0744057 0.0763301 0.0720123 0.0814370 0.0792727 0.0907196 0.0860460 0.0794910 0.0539079 0.0758797 0.0750708 0.0799722 0.0656198 0.0659083 0.0613373 0.0000000 0.0117484 0.0818627 0.0891062 0.0896963 0.0730630 0.0711400 0.0704804 0.0792043 0.0664180 0.0763934 0.0739516 0.0774515 0.0748166 0.0474561 0.0899410 0.1589097 0.1520229 0.1069228 0.0956495 0.0856981 0.0996166 0.0799100 0.0856040 0.1047035 0.1350702 0.1331924 0.1054626 0.0978402 
100256_3   0.0809345 0.0757354 0.0825533 0.0540134 0.0572106 0.0794967 0.0799002 0.0769015 0.0781374 0.0744586 0.0850873 0.0816510 0.0916421 0.0884517 0.0845856 0.0562287 0.0793143 0.0772418 0.0819704 0.0678566 0.0707531 0.0666959 0.0117484 0.0000000 0.0822237 0.0896281 0.0902067 0.0768179 0.0757684 0.0730865 0.0825516 0.0695396 0.0792425 0.0771446 0.0798461 0.0770164 0.0510599 0.0945238 0.1589835 0.1488416 0.1095953 0.0996224 0.0895038 0.1023121 0.0852474 0.0778015 0.1053596 0.1374877 0.1547893 0.1051698 0.1010349 
100257_1   0.0737757 0.0691279 0.0762044 0.0464337 0.0504544 0.0724502 0.0652942 0.0623814 0.0630501 0.0812918 0.0617516 0.0599214 0.0744333 0.0707101 0.0758918 0.0414569 0.0718303 0.0695518 0.0705905 0.0602427 0.0755303 0.0709461 0.0818627 0.0822237 0.0000000 0.0027221 0.0084312 0.0615489 0.0622305 0.0598662 0.0729036 0.0580042 0.0697920 0.0724272 0.0740766 0.0716972 0.0421800 0.0771374 0.1327422 0.1128568 0.0897130 0.0892855 0.0988461 0.0903957 0.0942272 0.0959990 0.0120553 0.1267604 0.1316744 0.1027165 0.0933161 
100257_2   0.0806229 0.0760301 0.0838261 0.0512697 0.0553709 0.0781139 0.0720802 0.0688418 0.0704989 0.0898799 0.0719304 0.0707751 0.0811411 0.0772172 0.0809997 0.0463807 0.0774354 0.0760394 0.0777781 0.0660606 0.0825257 0.0777280 0.0891062 0.0896281 0.0027221 0.0000000 0.0060382 0.0682633 0.0681840 0.0667836 0.0794858 0.0646563 0.0761271 0.0790943 0.0808311 0.0788271 0.0493148 0.0825058 0.1481695 0.1319943 0.0967920 0.0953381 0.1074062 0.0976419 0.1016070 0.1047334 0.0100811 0.1400803 0.1397532 0.1100931 0.1010850 
100257_3   0.0814020 0.0767147 0.0825407 0.0528719 0.0555860 0.0768387 0.0723262 0.0689019 0.0708208 0.0895413 0.0710607 0.0694038 0.0820130 0.0777838 0.0830738 0.0485523 0.0797758 0.0769962 0.0792609 0.0661938 0.0821346 0.0775041 0.0896963 0.0902067 0.0084312 0.0060382 0.0000000 0.0681205 0.0683858 0.0667542 0.0796281 0.0663851 0.0763216 0.0794602 0.0820979 0.0798010 0.0501251 0.0822683 0.1461564 0.1406808 0.0954446 0.0948372 0.1069177 0.0964335 0.1015565 0.1039871 0.0135692 0.1306493 0.1462258 0.1086738 0.1004800 
100261_1   0.0720287 0.0669295 0.0736489 0.0399146 0.0448615 0.0646651 0.0643420 0.0601563 0.0639439 0.0754309 0.0645693 0.0631724 0.0709448 0.0679109 0.0716900 0.0413106 0.0691420 0.0672488 0.0700586 0.0569514 0.0695496 0.0641126 0.0730630 0.0768179 0.0615489 0.0682633 0.0681205 0.0000000 0.0012483 0.0025199 0.0737478 0.0603906 0.0657183 0.0612806 0.0681117 0.0664835 0.0387909 0.0774519 0.1403650 0.1418269 0.0868896 0.0874598 0.0933990 0.0870030 0.0855893 0.0892316 0.0811844 0.0317122 0.1407684 0.0939278 0.0872050 
100261_2   0.0714442 0.0663302 0.0735446 0.0398030 0.0448084 0.0642471 0.0644880 0.0600321 0.0630393 0.0766076 0.0636046 0.0618507 0.0706755 0.0677505 0.0711493 0.0413732 0.0682536 0.0652795 0.0689189 0.0557820 0.0684946 0.0635326 0.0711400 0.0757684 0.0622305 0.0681840 0.0683858 0.0012483 0.0000000 0.0019466 0.0742411 0.0604315 0.0664935 0.0611067 0.0679348 0.0657412 0.0384839 0.0787222 0.1442025 0.1389195 0.0869263 0.0868255 0.0941525 0.0866637 0.0838753 0.0882419 0.0818028 0.0308701 0.1401528 0.0932461 0.0877287 
100261_3   0.0702687 0.0650527 0.0723968 0.0391689 0.0438497 0.0626189 0.0633041 0.0594059 0.0618493 0.0749077 0.0626357 0.0617461 0.0688108 0.0658373 0.0705599 0.0405574 0.0672124 0.0642520 0.0679756 0.0550935 0.0677854 0.0618982 0.0704804 0.0730865 0.0598662 0.0667836 0.0667542 0.0025199 0.0019466 0.0000000 0.0717692 0.0590900 0.0662129 0.0619792 0.0674260 0.0649425 0.0378782 0.0781025 0.1340391 0.1343096 0.0860317 0.0857060 0.0922657 0.0847770 0.0834130 0.0886773 0.0802108 0.0325897 0.1275915 0.0929239 0.0870533 
100306_1   0.0760137 0.0711664 0.0767395 0.0477049 0.0510590 0.0739677 0.0809329 0.0772508 0.0794237 0.0815085 0.0791701 0.0774302 0.0899279 0.0854088 0.0845128 0.0555888 0.0806352 0.0812162 0.0842624 0.0704680 0.0769231 0.0722587 0.0792043 0.0825516 0.0729036 0.0794858 0.0796281 0.0737478 0.0742411 0.0717692 0.0000000 0.0031126 0.0068164 0.0779339 0.0793308 0.0778099 0.0474544 0.0667004 0.1554333 0.1489498 0.1065314 0.0975767 0.0982916 0.1034763 0.0939964 0.1066722 0.0928521 0.1396205 0.0214120 0.1060238 0.0948746 
100306_2   0.0624278 0.0577304 0.0637286 0.0353211 0.0396846 0.0602347 0.0664191 0.0633523 0.0652610 0.0687834 0.0622449 0.0599686 0.0730640 0.0698598 0.0709281 0.0418931 0.0666675 0.0662208 0.0689295 0.0560268 0.0634846 0.0589434 0.0664180 0.0695396 0.0580042 0.0646563 0.0663851 0.0603906 0.0604315 0.0590900 0.0031126 0.0000000 0.0048794 0.0657644 0.0665172 0.0650467 0.0331792 0.0661390 0.1162753 0.1049168 0.0890787 0.0844538 0.0857547 0.0887908 0.0801925 0.0902811 0.0781784 0.1091659 0.0321740 0.0930160 0.0813717 
100306_3   0.0737795 0.0684983 0.0751467 0.0448483 0.0487277 0.0712484 0.0791471 0.0753529 0.0776632 0.0786463 0.0777569 0.0760282 0.0835178 0.0800726 0.0805915 0.0512711 0.0765164 0.0782630 0.0818735 0.0677960 0.0737113 0.0692543 0.0763934 0.0792425 0.0697920 0.0761271 0.0763216 0.0657183 0.0664935 0.0662129 0.0068164 0.0048794 0.0000000 0.0750384 0.0764330 0.0746795 0.0437402 0.0726910 0.1527020 0.1512813 0.0993430 0.0945796 0.0955686 0.1010383 0.0904182 0.1026712 0.0888755 0.1201183 0.0414287 0.1034032 0.0924582 
100337_1   0.0795228 0.0745369 0.0804056 0.0455802 0.0505793 0.0710224 0.0735009 0.0696619 0.0726080 0.0784656 0.0694268 0.0707592 0.0820815 0.0794095 0.0792344 0.0524525 0.0761725 0.0720077 0.0746455 0.0630665 0.0735182 0.0679180 0.0739516 0.0771446 0.0724272 0.0790943 0.0794602 0.0612806 0.0611067 0.0619792 0.0779339 0.0657644 0.0750384 0.0000000 0.0066726 0.0061229 0.0445130 0.0801655 0.1536193 0.1417865 0.0988237 0.0939593 0.0956568 0.0935254 0.0908337 0.0980764 0.0934676 0.1229605 0.1381601 0.0209910 0.0999494 
100337_2   0.0805734 0.0746052 0.0829365 0.0472627 0.0503131 0.0731160 0.0753376 0.0719201 0.0735418 0.0804852 0.0727175 0.0731034 0.0831411 0.0811473 0.0800667 0.0528004 0.0765350 0.0736531 0.0763167 0.0646033 0.0770801 0.0710153 0.0774515 0.0798461 0.0740766 0.0808311 0.0820979 0.0681117 0.0679348 0.0674260 0.0793308 0.0665172 0.0764330 0.0066726 0.0000000 0.0030693 0.0459604 0.0749953 0.1537234 0.1389667 0.1004463 0.0949576 0.0982721 0.0941147 0.0935578 0.1021444 0.0961915 0.1335135 0.1418178 0.0257681 0.1007959 
100337_3   0.0789612 0.0732958 0.0810062 0.0463994 0.0502344 0.0721218 0.0737445 0.0703024 0.0719182 0.0788179 0.0700927 0.0705762 0.0819463 0.0796896 0.0788301 0.0515818 0.0746960 0.0721391 0.0753919 0.0632091 0.0751775 0.0686662 0.0748166 0.0770164 0.0716972 0.0788271 0.0798010 0.0664835 0.0657412 0.0649425 0.0778099 0.0650467 0.0746795 0.0061229 0.0030693 0.0000000 0.0449369 0.0816173 0.1427099 0.1381539 0.0994384 0.0937843 0.0966469 0.0943473 0.0919635 0.1004201 0.0945215 0.1246392 0.1294077 0.0229936 0.0992133 
CON_C      0.0420629 0.0375108 0.0455890 0.0131337 0.0180592 0.0382741 0.0428320 0.0395909 0.0406018 0.0512534 0.0439942 0.0430343 0.0511777 0.0483531 0.0500651 0.0200658 0.0464351 0.0428665 0.0463790 0.0332864 0.0472249 0.0409620 0.0474561 0.0510599 0.0421800 0.0493148 0.0501251 0.0387909 0.0384839 0.0378782 0.0474544 0.0331792 0.0437402 0.0445130 0.0459604 0.0449369 0.0000000 0.0455078 0.1104765 0.0987784 0.0674276 0.0657923 0.0690492 0.0656187 0.0634021 0.0691099 0.0638595 0.0919846 0.1068590 0.0747721 0.0611200 
CAP137     0.0814275 0.0781228 0.0805058 0.0208619 0.0234915 0.0372021 0.0751247 0.0711483 0.0743643 0.0798457 0.0882152 0.0852506 0.0827716 0.0812901 0.0695314 0.0517316 0.0670621 0.0834931 0.0850077 0.0788449 0.0907405 0.0843871 0.0899410 0.0945238 0.0771374 0.0825058 0.0822683 0.0774519 0.0787222 0.0781025 0.0667004 0.0661390 0.0726910 0.0801655 0.0749953 0.0816173 0.0455078 0.0000000 0.0000010 0.0000010 0.0929228 0.0778338 0.0908574 0.0961377 0.0983978 0.1066499 0.0878607 0.0000010 0.0000010 0.0982799 0.0977008 
CAP177     0.1399159 0.1302603 0.1456755 0.0983167 0.1033298 0.1585014 0.0354821 0.0353866 0.0445801 0.1601938 0.1164867 0.1144281 0.1462591 0.1369673 0.1365309 0.1031101 0.1381717 0.1246183 0.1181026 0.1063112 0.1775054 0.1706380 0.1589097 0.1589835 0.1327422 0.1481695 0.1461564 0.1403650 0.1442025 0.1340391 0.1554333 0.1162753 0.1527020 0.1536193 0.1537234 0.1427099 0.1104765 0.0000010 0.0000000 0.1422960 0.1636993 0.1511509 0.1851673 0.1500739 0.2031663 0.1821933 0.1625241 0.1643144 0.1968877 0.1842524 0.1635152 
CAP200     0.1341514 0.1259241 0.1333338 0.0877531 0.0956746 0.1413000 0.1142735 0.1105640 0.1102378 0.1615168 0.0390504 0.0432772 0.1213455 0.1207540 0.1399980 0.0998895 0.1397247 0.1208832 0.1128279 0.1006858 0.1629619 0.1601945 0.1520229 0.1488416 0.1128568 0.1319943 0.1406808 0.1418269 0.1389195 0.1343096 0.1489498 0.1049168 0.1512813 0.1417865 0.1389667 0.1381539 0.0987784 0.0000010 0.1422960 0.0000000 0.1463431 0.1575197 0.1821730 0.1539383 0.1907337 0.1748012 0.1559623 0.1860510 0.1953935 0.1829200 0.1678406 
CAP206     0.0986467 0.0929916 0.1016851 0.0658362 0.0699509 0.0945399 0.0857354 0.0829167 0.0848322 0.1048632 0.0801732 0.0784221 0.0108752 0.0141465 0.0942982 0.0563596 0.0931223 0.0839906 0.0855504 0.0736897 0.1025130 0.0963690 0.1069228 0.1095953 0.0897130 0.0967920 0.0954446 0.0868896 0.0869263 0.0860317 0.1065314 0.0890787 0.0993430 0.0988237 0.1004463 0.0994384 0.0674276 0.0929228 0.1636993 0.1463431 0.0000000 0.1079260 0.1181759 0.0969482 0.1157075 0.1162812 0.1035991 0.1856654 0.2243970 0.1215958 0.1154870 
CAP217     0.0920182 0.0869689 0.0944746 0.0622395 0.0670529 0.0902278 0.0891637 0.0848449 0.0871723 0.1041379 0.0893828 0.0889026 0.0951214 0.0929916 0.0231961 0.0235043 0.0188485 0.0880743 0.0888414 0.0773301 0.0999018 0.0941427 0.0956495 0.0996224 0.0892855 0.0953381 0.0948372 0.0874598 0.0868255 0.0857060 0.0975767 0.0844538 0.0945796 0.0939593 0.0949576 0.0937843 0.0657923 0.0778338 0.1511509 0.1575197 0.1079260 0.0000000 0.1182274 0.1019986 0.1122372 0.1160759 0.1025814 0.1686860 0.1814329 0.1190817 0.1072634 
CAP239     0.1003676 0.0944555 0.1015375 0.0685676 0.0705009 0.0958560 0.0992987 0.0951040 0.0957726 0.0105535 0.1031554 0.0997156 0.1056582 0.0990956 0.1054851 0.0732437 0.1012046 0.1012086 0.1046728 0.0913965 0.0919918 0.0883196 0.0856981 0.0895038 0.0988461 0.1074062 0.1069177 0.0933990 0.0941525 0.0922657 0.0982916 0.0857547 0.0955686 0.0956568 0.0982721 0.0966469 0.0690492 0.0908574 0.1851673 0.1821730 0.1181759 0.1182274 0.0000000 0.1175551 0.1013331 0.1135259 0.1152526 0.1770082 0.1772968 0.1210390 0.1119940 
CAP248     0.0990783 0.0928276 0.0995991 0.0622304 0.0654774 0.0881430 0.0828310 0.0793055 0.0800824 0.1027078 0.0826447 0.0798173 0.0868748 0.0833942 0.0921380 0.0657799 0.0917901 0.0139958 0.0138238 0.0213110 0.1001376 0.0932951 0.0996166 0.1023121 0.0903957 0.0976419 0.0964335 0.0870030 0.0866637 0.0847770 0.1034763 0.0887908 0.1010383 0.0935254 0.0941147 0.0943473 0.0656187 0.0961377 0.1500739 0.1539383 0.0969482 0.1019986 0.1175551 0.0000000 0.1140502 0.1105916 0.1073350 0.1617191 0.1944208 0.1158779 0.1138927 
CAP255     0.0992521 0.0929980 0.0997773 0.0655721 0.0700407 0.0960375 0.0958017 0.0919578 0.0944498 0.0930050 0.0949342 0.0928111 0.1032716 0.0993226 0.1014895 0.0699224 0.0968542 0.0965731 0.0998831 0.0846423 0.0111790 0.0150415 0.0799100 0.0852474 0.0942272 0.1016070 0.1015565 0.0855893 0.0838753 0.0834130 0.0939964 0.0801925 0.0904182 0.0908337 0.0935578 0.0919635 0.0634021 0.0983978 0.2031663 0.1907337 0.1157075 0.1122372 0.1013331 0.1140502 0.0000000 0.0998470 0.1102699 0.1722713 0.1773232 0.1144196 0.1147960 
CAP256     0.1005905 0.0940874 0.1034806 0.0684934 0.0729062 0.0953790 0.0957189 0.0923819 0.0925033 0.1045228 0.0923469 0.0896322 0.1041486 0.0997484 0.1064421 0.0744238 0.1015506 0.0920118 0.0967407 0.0825745 0.0897058 0.0855291 0.0856040 0.0778015 0.0959990 0.1047334 0.1039871 0.0892316 0.0882419 0.0886773 0.1066722 0.0902811 0.1026712 0.0980764 0.1021444 0.1004201 0.0691099 0.1066499 0.1821933 0.1748012 0.1162812 0.1160759 0.1135259 0.1105916 0.0998470 0.0000000 0.1118998 0.1709491 0.1926029 0.1229764 0.1155624 
CAP257     0.0961669 0.0912030 0.0983438 0.0640672 0.0673765 0.0916487 0.0876508 0.0837884 0.0862636 0.1033487 0.0838195 0.0823464 0.0955367 0.0912919 0.0949681 0.0598557 0.0924150 0.0914952 0.0941507 0.0804992 0.0960433 0.0919579 0.1047035 0.1053596 0.0120553 0.0100811 0.0135692 0.0811844 0.0818028 0.0802108 0.0928521 0.0781784 0.0888755 0.0934676 0.0961915 0.0945215 0.0638595 0.0878607 0.1625241 0.1559623 0.1035991 0.1025814 0.1152526 0.1073350 0.1102699 0.1118998 0.0000000 0.1643030 0.1733168 0.1176145 0.1083435 
CAP261     0.1404541 0.1302197 0.1390626 0.0843238 0.0830546 0.1237278 0.1289361 0.1236580 0.1273313 0.1491708 0.1306925 0.1299084 0.1434521 0.1373298 0.1418487 0.0989128 0.1331073 0.1259586 0.1284717 0.1066864 0.1310223 0.1278498 0.1350702 0.1374877 0.1267604 0.1400803 0.1306493 0.0317122 0.0308701 0.0325897 0.1396205 0.1091659 0.1201183 0.1229605 0.1335135 0.1246392 0.0919846 0.0000010 0.1643144 0.1860510 0.1856654 0.1686860 0.1770082 0.1617191 0.1722713 0.1709491 0.1643030 0.0000000 0.1862259 0.1860732 0.1645955 
CAP306     0.1480716 0.1392056 0.1533592 0.1011364 0.0969284 0.1448160 0.1518931 0.1443265 0.1482201 0.1599626 0.1542750 0.1525292 0.1754785 0.1612066 0.1610355 0.1204109 0.1484981 0.1421335 0.1449470 0.1262818 0.1416229 0.1375924 0.1331924 0.1547893 0.1316744 0.1397532 0.1462258 0.1407684 0.1401528 0.1275915 0.0214120 0.0321740 0.0414287 0.1381601 0.1418178 0.1294077 0.1068590 0.0000010 0.1968877 0.1953935 0.2243970 0.1814329 0.1772968 0.1944208 0.1773232 0.1926029 0.1733168 0.1862259 0.0000000 0.2024201 0.1854407 
CAP337     0.1090900 0.1034732 0.1079803 0.0700049 0.0745033 0.0990336 0.1030085 0.0992213 0.1016314 0.1067385 0.0967051 0.0972755 0.1100277 0.1079319 0.1076612 0.0800673 0.1064848 0.1021241 0.1035695 0.0928603 0.1037003 0.0972482 0.1054626 0.1051698 0.1027165 0.1100931 0.1086738 0.0939278 0.0932461 0.0929239 0.1060238 0.0930160 0.1034032 0.0209910 0.0257681 0.0229936 0.0747721 0.0982799 0.1842524 0.1829200 0.1215958 0.1190817 0.1210390 0.1158779 0.1144196 0.1229764 0.1176145 0.1860732 0.2024201 0.0000000 0.1247981 
CAP8       0.0112792 0.0135153 0.0186034 0.0596356 0.0652433 0.0899942 0.0940237 0.0885517 0.0932898 0.0984663 0.0966070 0.0942744 0.1032767 0.1000674 0.0959964 0.0666490 0.0919092 0.0948570 0.0976250 0.0846053 0.1013289 0.0946608 0.0978402 0.1010349 0.0933161 0.1010850 0.1004800 0.0872050 0.0877287 0.0870533 0.0948746 0.0813717 0.0924582 0.0999494 0.1007959 0.0992133 0.0611200 0.0977008 0.1635152 0.1678406 0.1154870 0.1072634 0.1119940 0.1138927 0.1147960 0.1155624 0.1083435 0.1645955 0.1854407 0.1247981 0.0000000 
